algo_nr wf_name inp_size dur_alg1 ms_1 dur_alg2 ms_2 
3 dag_20000_wide_3.dot 1 705.542007029991 14509767544.9736 727.450235884 24973998509.4476 
3 dag_10000_general_4.dot 1 161.073849725 43313873419.3003 175.700676221 46768374693.3846 
3 dag_20000_general_3.dot 1 982.786056242991 87331845094.4126 1383.199428886 96464580520.2813 
3 dag_8000_wide_3.dot 1 76.0552735910003 5867706631.26281 82.470086843 10333737041.0737 
3 dag_200_long_3.dot 1 0.008610102 2228916328.34745 0.005242828 2066004784.35328 
3 dag_2000_wide_3.dot 1 2.447558953 1604535306.43006 1.344609473 2451830421.49641 
3 dag_10000_wide_0.dot 1 122.705377259 7308289487.33746 111.933786048 12347997603.4138 
3 dag_50_long_1.dot 1 0.008175446 550719439.510232 0.00288034 534370746.326697 
3 dag_25000_wide_2.dot 1 1136.831263958 18025230155.3536 1565.43192442 29175607652.1805 
3 dag_1000_wide_4.dot 1 0.572390356 836451950.950054 0.316342267 1569036374.63145 
3 dag_30000_general_4.dot 1 4179.35711134902 129171880222.341 4537.146579778 145694883549.823 
3 dag_1000_wide_3.dot 1 0.496384969999999 868233242.863341 0.280218154 1740125160.612 
3 dag_50_wide_4.dot 1 0.010154492 145197705.842562 0.004979001 149956887.789005 
3 dag_200_wide_1.dot 1 0.063847212 288780241.093521 0.027234357 389512246.911345 
3 dag_200_long_1.dot 1 0.008213605 2217822132.11957 0.004815413 2173735967.83364 
3 dag_50_wide_0.dot 1 0.010574258 165212556.643564 0.004815886 194893742.407599 
3 dag_30000_wide_0.dot 1 2449.71213070099 21646017845.8345 2517.242106198 35684282055.6192 
3 dag_200_wide_0.dot 1 0.057605455 351381401.890083 0.026812359 474249907.383961 
3 dag_30000_general_0.dot 1 8760.47070543498 132173939477.65 8944.592812612 141953506648.027 
3 dag_4000_general_1.dot 1 8.07897071200001 18144833315.8719 8.60914276 19647060100.6599 
3 dag_8000_long_4.dot 1 0.610197768000004 87421611226.3337 0.465162879 87368664563.1379 
3 dag_50_wide_3.dot 1 0.011953637 170901728.291284 0.005974258 169490094.253577 
3 dag_20000_long_0.dot 1 3.00461560999997 222078910519.141 2.646551901 222051515922.081 
3 dag_25000_wide_1.dot 1 1459.90777598298 18250708010.7059 1690.496828809 31352520765.1561 
3 dag_2000_wide_0.dot 1 2.018988773 1641356855.0793 1.360851755 2579897167.90967 
3 dag_2000_general_2.dot 1 1.541964308 8810734437.82915 1.497403507 9639754913.22094 
3 dag_10000_general_2.dot 1 176.084049897001 43860869502.9495 186.072553528 49097464911.1108 
3 dag_4000_long_1.dot 1 0.195645527000001 44528118690.0356 0.145057969 44448717894.9292 
3 dag_10000_long_3.dot 1 0.948651075999995 110998668433.184 0.834268358 110980679126.771 
3 dag_50_general_4.dot 1 0.006700277 593276343.080909 0.004771941 476542119.609535 
3 dag_10000_wide_1.dot 1 138.035486947 7399723466.35491 145.304420481 10351289739.766 
3 dag_15000_general_2.dot 1 491.876482586995 64410571900.3898 671.218561169 73511495197.2126 
3 dag_20000_general_1.dot 1 1205.35830680001 87613743896.5027 1510.789833361 96286203582.2122 
3 dag_50_general_2.dot 1 0.006586509 614915527.140196 0.004939908 548207001.607402 
3 dag_200_long_2.dot 1 0.008227538 2175654589.15433 0.004962901 2115360277.85592 
3 dag_4000_long_2.dot 1 0.199325783 43905130531.5657 0.146013452 43848705645.3829 
3 dag_200_long_4.dot 1 0.007792105 2345613463.70838 0.004692728 2287532852.69858 
3 dag_20000_wide_0.dot 1 764.801040705999 14466957610.0804 739.732670807 27183103391.9761 
3 dag_30000_long_3.dot 1 6.47984933100005 330376477788.871 6.000849359 330341262294.877 
3 dag_10000_wide_2.dot 1 137.103710171 7270941898.25889 140.228691875 12130846316.428 
3 dag_30000_general_1.dot 1 4007.92347777796 131366601145.412 4537.393429442 145789542303.927 
3 dag_25000_long_4.dot 1 4.60323248300007 277414906690.689 4.342478415 277341319844.571 
3 dag_1000_long_4.dot 1 0.041000986 10782326476.8925 0.027422577 10782326476.8924 
3 dag_25000_long_0.dot 1 4.49843974799997 278526653380.454 4.207688202 278475155799.327 
3 dag_30000_long_2.dot 1 7.06097604300001 332647695225.041 6.667852166 332611304723.113 
3 dag_4000_wide_2.dot 1 11.039327472 3045346438.86217 9.335791599 5000366549.35548 
3 dag_200_long_0.dot 1 0.007816172 2170477320.92784 0.00460517 2137143597.09737 
3 dag_15000_long_2.dot 1 1.59042492800001 165909952410.812 1.426495982 165847978266.578 
3 dag_1000_general_1.dot 1 0.363373721 4486805964.93899 0.324867614 5049800991.88115 
3 dag_20000_wide_2.dot 1 734.342704246993 14316889062.0556 736.24023544 22258903656.6295 
3 dag_20000_wide_4.dot 1 711.646266726998 14514170682.0618 781.802465893 24957983287.7698 
3 dag_8000_wide_2.dot 1 79.710019773 5906023284.89458 83.880835316 10956854586.2753 
3 dag_20000_long_1.dot 1 2.77530236900004 218773375917.331 2.537207752 218702071436.519 
3 dag_2000_general_4.dot 1 1.530595062 8698775874.23357 1.444475721 9957511500.18542 
3 dag_8000_general_1.dot 1 69.7066678959997 34689666421.1214 75.035161159 37312288165.3813 
3 dag_200_wide_3.dot 1 0.063915675 285785672.51015 0.026555837 440133634.3339 
3 dag_15000_general_0.dot 1 495.795485796998 64979829718.4914 622.402390337 71665925167.2663 
3 dag_15000_wide_3.dot 1 362.503563398 11067706064.5182 371.630865806 20159389143.0353 
3 dag_200_wide_4.dot 1 0.065191002 274754157.119766 0.026773469 529005241.519539 
3 dag_2000_long_2.dot 1 0.0870511990000001 21582732167.6034 0.060006506 21580771617.9692 
3 dag_10000_long_4.dot 1 0.934077799999994 112987427030.031 0.800401501 112864917413.599 
3 dag_4000_general_2.dot 1 8.23525563699998 18133271975.0934 8.27570383 20369194790.9316 
3 dag_20000_wide_1.dot 1 742.770357573003 14382083310.3332 770.246625892 22203797629.411 
3 dag_8000_long_0.dot 1 0.619703045000003 87272435765.179 0.513151942 87254307109.5681 
3 dag_25000_wide_4.dot 1 1295.76024840499 18153385662.5465 1618.302790587 32856925236.4943 
3 dag_15000_general_4.dot 1 508.760247306002 66320905752.7828 684.198749 74851208703.6209 
3 dag_1000_long_3.dot 1 0.041457449 10954687427.238 0.026890778 10929392039.7897 
3 dag_4000_wide_3.dot 1 10.937846502 3091184712.39702 9.285717095 4968715222.45197 
3 dag_2000_long_0.dot 1 0.089035231 22740541916.4036 0.060364575 22663343876.3484 
3 dag_8000_general_2.dot 1 66.4834267420002 34738235237.542 73.764844715 37364203552.5631 
3 dag_4000_wide_0.dot 1 10.411035454 2975450929.63231 8.896449233 5161201219.04295 
3 dag_20000_long_3.dot 1 2.78756808799999 221141781331.38 2.559845594 221120809067.367 
3 dag_10000_general_3.dot 1 197.121722172001 43753328581.1885 203.997984941 47548144260.2391 
3 dag_15000_long_1.dot 1 1.62437242899999 167835306308.087 1.441165742 167822650942.832 
3 dag_1000_long_2.dot 1 0.04233942 11146110832.0788 0.027818376 11145042199.6434 
3 dag_20000_general_2.dot 1 853.288317625005 86187041793.9753 1060.795914918 96527948040.9182 
3 dag_4000_general_0.dot 1 7.87995418399998 17452823622.1854 8.306431228 19094117010.1008 
3 dag_30000_long_1.dot 1 6.46506645299998 329400861159.954 6.114488088 329367698581.092 
3 dag_25000_wide_0.dot 1 1301.15750325899 18071455700.3731 1601.395550684 28951138422.4332 
3 dag_2000_wide_1.dot 1 2.000392619 1602563259.00274 1.363731058 2806583297.18054 
3 dag_8000_long_1.dot 1 0.665783231 87486711386.2544 0.511497694 87445936400.0421 
3 dag_1000_general_4.dot 1 0.351890183 4547313492.46937 0.320098286 5031407791.413 
3 dag_4000_general_3.dot 1 7.75868052700002 17700276301.0959 8.114650575 19402533542.7204 
3 dag_8000_long_3.dot 1 0.582649189000001 87306768903.0012 0.467582902 87291694466.29 
3 dag_10000_wide_4.dot 1 143.502164126001 7323814736.76529 150.94342953 11752129162.891 
3 dag_10000_wide_3.dot 1 142.072843868001 7276759522.65285 152.344097607 12779921158.4275 
3 dag_1000_general_0.dot 1 0.344344978 4548155024.97327 0.323570685 4880690490.00899 
3 dag_25000_long_3.dot 1 4.56292160700004 277527131617.578 4.304796986 277476004822.669 
3 dag_200_wide_2.dot 1 0.059918755 321998556.95633 0.029365523 399598476.433589 
3 dag_10000_long_2.dot 1 0.909751650000001 110886344458.195 0.79230614 110854214164.712 
3 dag_25000_general_0.dot 1 4607.557802523 108255887535.481 4925.796523977 117286613596.356 
3 dag_1000_general_3.dot 1 0.374282792999999 4607928746.78508 0.335444625 5002774807.19573 
3 dag_25000_general_3.dot 1 1922.51217022199 109926875580.319 2243.629755751 125733351925.137 
3 dag_2000_general_3.dot 1 1.68835399 8984590612.2095 1.572871835 9588066490.64758 
3 dag_50_long_3.dot 1 0.002342804 527503563.52941 0.001172096 466998494.052503 
3 dag_4000_long_0.dot 1 0.200614975 43824762860.2693 0.144833537 43734597515.9233 
3 dag_30000_long_4.dot 1 7.60887034199999 334236979894.141 7.25194223 334151010260.69 
3 dag_50_long_0.dot 1 0.002180533 428642902.673695 0.001169234 384854826.716681 
3 dag_30000_wide_4.dot 1 2083.832492989 21750361525.5957 2355.394701126 34202173086.1557 
3 dag_30000_general_3.dot 1 3560.48430669601 131546644754.623 3582.692799561 142604639569.465 
3 dag_10000_long_0.dot 1 0.897006067999992 110016967414.96 0.777112014 109993462228.519 
3 dag_1000_wide_1.dot 1 0.639065842 830496205.619981 0.336072633 1209942898.12043 
3 dag_2000_wide_4.dot 1 2.183143259 1500485142.20344 1.395733203 2866513508.28313 
3 dag_2000_long_1.dot 1 0.086798645 22154247248.0271 0.059357917 22116888164.8468 
3 dag_15000_general_1.dot 1 490.551037784999 65585266017.3547 513.601141172 74775283880.2081 
3 dag_50_wide_2.dot 1 0.011633342 183563676.641888 0.005828318 166098028.340946 
3 dag_25000_long_2.dot 1 4.44962492599998 278363199902.259 4.146819637 278334715100.254 
3 dag_8000_general_0.dot 1 76.797490472 34660593949.9402 84.178103087 39014545499.2206 
3 dag_10000_general_0.dot 1 124.32930238 43939858354.03 151.279352046 48457265140.6184 
3 dag_8000_wide_0.dot 1 77.6002467789998 5961740711.53581 83.73913304 9714172933.22305 
3 dag_2000_general_0.dot 1 1.601244378 8958017389.79332 1.564777544 9556781107.46567 
3 dag_30000_wide_2.dot 1 2031.06263811101 21674372562.385 2446.40005453 39085655118.9688 
3 dag_25000_wide_3.dot 1 1260.17779606202 17998160179.5993 1570.810326461 30695271380.2748 
3 dag_2000_long_3.dot 1 0.086261234 22981456640.7935 0.058475683 22951433225.9266 
3 dag_2000_wide_2.dot 1 2.135878101 1608931378.75758 1.36552554 3371904713.12149 
3 dag_2000_long_4.dot 1 0.0867933299999999 21225961399.5184 0.058909303 21208862805.2461 
3 dag_15000_wide_1.dot 1 379.139250930003 10816407661.1954 383.275571573 16239605621.7571 
3 dag_15000_general_3.dot 1 524.776414116 64477857711.146 767.915493045 70511356682.4744 
3 dag_200_general_1.dot 1 0.030916117 1230800489.70775 0.023729557 1324117472.86648 
3 dag_15000_long_3.dot 1 1.747170507 164933578034.964 1.546326106 164926648710.619 
3 dag_4000_long_3.dot 1 0.203978368 44779031677.5171 0.153156706 44722311465.181 
3 dag_1000_long_1.dot 1 0.044009985 10692287586.262 0.028753127 10609483690.5525 
3 dag_30000_long_0.dot 1 7.054444495 334365468014.426 6.478451467 334331436125.877 
3 dag_20000_general_0.dot 1 938.590442427993 85127833784.3086 1533.939637905 94131341989.5774 
3 dag_20000_long_4.dot 1 2.93499410200002 222549274073.187 2.724423653 222510636351.3 
3 dag_50_long_2.dot 1 0.002358306 511630498.018177 0.001257852 468325320.052418 
3 dag_15000_long_0.dot 1 1.84419173399999 168843800015.067 1.654050354 168819623921.963 
3 dag_1000_wide_0.dot 1 0.668319598 886968837.422783 0.34785699 1470623377.37916 
3 dag_4000_wide_4.dot 1 12.239934725 3045277478.755 8.766659306 4681298953.121 
3 dag_4000_wide_1.dot 1 11.066670682 3013273146.63734 9.074646748 4284765084.78796 
3 dag_1000_wide_2.dot 1 0.531721758 852240349.3692 0.299517192 1556123185.03903 
3 dag_15000_wide_2.dot 1 370.967301421001 10811175202.213 379.596221361 17123429195.5164 
3 dag_15000_wide_4.dot 1 357.138040272 10933619296.6304 369.367633069 19379544851.537 
3 dag_25000_general_1.dot 1 2235.96850129003 108745511973.279 2572.5857852 120599004123.247 
3 dag_30000_wide_1.dot 1 2069.018505151 21766350725.0963 2527.129718139 37268458810.1267 
3 dag_25000_long_1.dot 1 4.60259855199997 278282171944.343 4.36316373 278264940773.014 
3 dag_30000_general_2.dot 1 5083.46146174798 130414639143.825 5239.310013231 141169293572.314 
3 dag_200_general_3.dot 1 0.032856416 1614705763.41825 0.026075754 1503492064.36853 
3 dag_30000_wide_3.dot 1 1872.18029189601 21629136414.3736 2334.219270473 34875556886.8886 
3 dag_20000_long_2.dot 1 2.88405099299996 219691675464.351 2.61352925 219674888848.119 
3 dag_10000_long_1.dot 1 1.03902501 110376162109.574 0.899551243 110343326201.312 
3 dag_20000_general_4.dot 1 2060.16092033901 86789168478.3827 2263.284717304 95183851625.7702 
3 dag_15000_long_4.dot 1 1.573604523 163742039730.591 1.384314887 163643160242.123 
3 dag_8000_wide_1.dot 1 76.4622461880001 5861922894.34171 81.279651179 10808736366.8399 
3 dag_2000_general_1.dot 1 1.460812788 8820000301.90538 1.386824845 9694311742.87321 
3 dag_1000_general_2.dot 1 0.340117712000001 4616111317.94238 0.316975443 4833597576.48136 
3 dag_25000_general_2.dot 1 3629.55382044498 108578385631.387 4123.304634829 121044268078.21 
3 dag_200_general_2.dot 1 0.030033521 1054863723.32212 0.022847631 1115632199.1384 
3 dag_4000_general_4.dot 1 10.046683072 17452276491.155 10.993311091 18926493678.4333 
3 dag_1000_long_0.dot 1 0.045490518 10820013032.9851 0.030044578 10790682388.3829 
3 dag_200_general_0.dot 1 0.030338402 1205748143.64307 0.02434332 1171323685.64587 
3 dag_8000_wide_4.dot 1 77.8616336660005 5785221636.94571 85.790901658 10038188856.148 
3 dag_4000_long_4.dot 1 0.207850858 43697932157.6872 0.153552536 43615370135.0718 
3 dag_50_long_4.dot 1 0.002302022 523070470.547964 0.001290742 520064066.801683 
3 dag_200_general_4.dot 1 0.032000196 1165089279.7575 0.023813067 1122310768.93807 
3 dag_25000_general_4.dot 1 1998.869241119 107247306158.358 2340.051119556 118223347945.87 
3 dag_8000_long_2.dot 1 0.633517683999997 90040360190.7992 0.517450453 89990734657.9275 
3 dag_50_general_0.dot 1 0.006214674 439039689.63828 0.004713772 411078726.305206 
3 dag_8000_general_3.dot 1 87.6847799359998 34376143509.6953 93.384724664 37231355297.7856 
3 dag_15000_wide_0.dot 1 380.307524374001 10951187650.6879 375.490234765 16691437660.7155 
3 dag_50_general_3.dot 1 0.006281235 361738777.300316 0.003888709 331920152.324441 
3 dag_50_general_1.dot 1 0.006592377 462534432.105084 0.00445905 434677668.235777 
3 dag_8000_general_4.dot 1 68.3322469840004 35566354841.5073 77.481073749 40048679188.7709 
3 dag_10000_general_1.dot 1 180.272087761 43710901886.0622 189.662110857 47513210154.7266 
3 dag_50_wide_1.dot 1 0.019039942 249718577.404406 0.008486956 233981303.721442 
