algo_nr wf_name inp_size dur_alg1 ms_1 dur_alg2 ms_2 
1 eager 19075314980 0.023952363 56580.1279829976 0.021323908 56580.0024856543 
1 eager_1000.dot 25705994498 0.831778302 250256.639540353 0.80268602 202616.157163047 
1 methylseq_1000.dot 110641579976 0.301117232 853683.981125018 0.309641986 842731.62075 
1 chipseq_200.dot 5058052541 0.036277921 24330.0031545684 0.039319056 23637.0335684211 
1 methylseq_1000.dot 6273818718 0.303193624 55506.5647875746 0.309687215 54815.796625 
1 chipseq_4000.dot 41366257414 4.083696952 3071307.1420667 3.959881567 2815481.07027064 
1 atacseq_2000.dot 14091675276 0.840578175 390362.944317379 1.022447977 375511.327621416 
1 atacseq_1000.dot 11809629756 0.283004705 88127.9246777833 0.363893838 87463.8628119922 
1 methylseq_200.dot 17027257018 0.039675999 34836.6321503295 0.040126802 34814.495 
1 methylseq_8000.dot 110641579976 18.052620792 6369692.11487502 14.168500342 6184136.02712501 
1 atacseq_8000.dot 3908761308 14.272328087 603355.807847861 16.289416692 559045.303499999 
1 methylseq_8000.dot 17027257018 17.139111091 897163.735954149 14.071751545 880026.317337444 
1 atacseq_10000.dot 14091675276 18.618822132 2068581.45491145 21.325737911 1915018.36418161 
1 eager_2000.dot 25705994498 2.612586072 421494.299799329 2.746041474 386380.767164226 
1 eager_1000.dot 14754556884 0.819573424 183581.435307601 0.800036233 157408.272221901 
1 methylseq_10000.dot 8885797810 30.546749203 728758.836957004 19.861214325 710372.997999991 
1 atacseq_4000.dot 11809629756 2.92536481900001 365123.864955727 3.078518642 353348.615900872 
1 atacseq_1000.dot 14091675276 0.341031346 202803.43802217 0.355229976 196475.594211654 
1 methylseq_4000.dot 6273818718 3.41409765100001 212044.00535434 2.926215914 203614.348712476 
1 chipseq_1000.dot 4605965334 0.343571105 95666.9698102544 0.395254828 97161.8247501164 
1 atacseq_200.dot 11809629756 0.044093542 27897.090154518 0.044406404 25333.0576355288 
1 eager_8000.dot 19075314980 77.656114584 1228374.87347958 37.086667881 1040702.97475885 
1 methylseq_10000.dot 110641579976 34.517277666 7893275.68900004 21.374092886 7708177.04974999 
1 methylseq_2000.dot 22500260922 0.957612772999999 316936.49048639 0.882782293 305337.954030301 
1 chipseq_200.dot 32978181418 0.037658786 139269.149451597 0.040636034 121540.64371325 
1 chipseq_2000.dot 4605965334 1.064938464 202330.057899824 1.249890766 191486.861328435 
1 atacseq_8000.dot 11809629756 12.261908733 735994.878617794 16.788937887 721437.927929131 
1 chipseq_200.dot 4807293396 0.037168458 20830.4183896178 0.039699875 19958.8052438746 
1 chipseq_200.dot 3793245764 0.038137176 25027.307409568 0.039665655 22838.9893842059 
1 eager_8000.dot 19132169434 67.4537600100002 1223101.91782669 35.62307238 1038000.86998847 
1 atacseq_10000.dot 11187378708 20.51037449 1023166.33811732 21.503603773 997791.143250002 
1 chipseq_10000.dot 5058052541 22.054657498 1007819.12935139 23.62324702 1033184.48075001 
1 atacseq 3908761308 0.007319471 18352.1100455096 0.006909437 17530.7346485585 
1 atacseq_4000.dot 11187378708 3.38278752200001 400052.342216496 3.036972577 388943.828616728 
1 chipseq_4000.dot 32978181418 3.31756156599999 2295730.56619418 4.04991409 2256719.46866134 
1 eager_4000.dot 19075314980 13.976233427 616754.290109657 11.723002115 546852.859365404 
1 methylseq_4000.dot 17027257018 3.661168029 449381.964858663 3.168007621 441827.206849746 
1 chipseq_1000.dot 41366257414 0.383013172 747284.165596131 0.452448073 709996.547187501 
1 atacseq_10000.dot 3908761308 21.545655849 748072.419500087 24.658702266 704701.821124988 
1 eager_1000.dot 19100037384 0.850419163000001 190548.753307844 0.801778659 156317.785899334 
1 atacseq 14091675276 0.007396974 52999.6762975819 0.00695275 48644.542820343 
1 methylseq_1000.dot 11897958606 0.311082011 103385.684496844 0.308793992 102146.94825 
1 atacseq_2000.dot 3908761308 1.041315839 147565.063760287 1.149535333 139686.96675 
1 methylseq 11897958606 0.002523566 18441.8165841556 0.001797051 18405.397875 
1 eager 14754556884 0.024066715 56729.8318463368 0.02140292 56729.68696027 
1 chipseq_2000.dot 32978181418 1.15613798 1149962.91356352 1.20975305 1082886.9662468 
1 eager_2000.dot 19100037384 2.913108307 323887.699957267 2.751751483 298548.396035111 
1 chipseq_2000.dot 5058052541 1.113655413 203914.445600473 1.181656725 202781.043503734 
1 atacseq_4000.dot 14091675276 3.253774417 835797.934149958 3.427214563 748083.056871417 
1 eager_200.dot 25705994498 0.086022661 74273.0202212365 0.077589913 73961.3048763086 
1 methylseq_200.dot 110641579976 0.039482062 239734.452750016 0.039828462 239720.16975 
1 methylseq 6273818718 0.002437674 9950.21633923527 0.001788603 9918.753625 
1 eager 25705994498 0.024093043 73933.1879543795 0.021404391 73933.0601464877 
1 methylseq_4000.dot 8885797810 3.566032563 300445.956137379 3.570384619 287139.652890189 
1 chipseq_2000.dot 41366257414 1.249667563 1532868.93076673 1.161859719 1388886.77614583 
1 chipseq_8000.dot 5058052541 17.228836768 874735.857201529 14.902422469 826845.972511847 
1 methylseq_8000.dot 8885797810 17.568481776 572331.02057644 15.068852404 567573.262985835 
1 chipseq_8000.dot 41366257414 13.888132212 6230835.37329003 11.245829868 5894736.13252867 
1 methylseq_8000.dot 6273818718 18.666881236 413003.147294115 14.136958952 402423.193000002 
1 chipseq_1000.dot 32978181418 0.401499917 583562.811264435 0.469761952 552488.863645833 
1 methylseq_10000.dot 6273818718 29.9885798579999 513051.742913753 18.607974361 502903.096500002 
1 chipseq_10000.dot 4605965334 23.649198269 1072051.1785225 31.16723535 968197.340520824 
1 methylseq 22500260922 0.002438204 28990.7939100626 0.00179071 28952.2688541667 
1 methylseq 110641579976 0.002465345 150870.696500007 0.001781347 150842.15225 
1 chipseq_8000.dot 32978181418 13.067506779 4724570.46425298 11.588237725 4666487.29054288 
1 chipseq_4000.dot 5058052541 3.85519095600001 424051.582029341 3.668043354 409046.842499998 
1 eager 8330435694 0.023970769 30909.6235150572 0.021367605 30909.4716151576 
1 eager_4000.dot 25705994498 13.361106136 805108.585877249 11.367717427 712027.796049304 
1 eager_8000.dot 19100037384 58.8634187579998 1211087.80021249 33.118817778 1041815.13817409 
1 methylseq_4000.dot 110641579976 3.65886045 3254800.84775001 3.364546172 3131088.26075004 
1 chipseq 3793245764 0.005021424 26292.9833781747 0.004053973 17449.4435092059 
1 atacseq_200.dot 14091675276 0.046040776 54799.375257644 0.043938379 52282.1870381535 
1 eager_10000.dot 19100037384 132.431411179999 1534040.59575663 55.504434977 1303539.9068865 
1 atacseq_2000.dot 11187378708 0.966747676000001 205792.349482295 1.020764728 195988.492393048 
1 methylseq_10000.dot 11897958606 26.7861329960001 973096.453637831 18.809055536 932515.291271234 
1 chipseq_200.dot 4605965334 0.039620067 24239.2816231446 0.040188657 23334.9868014075 
1 methylseq_2000.dot 11897958606 0.93793223 201331.479246844 0.892611737 193630.20625 
1 atacseq_200.dot 3908761308 0.043812751 22233.3623814169 0.044458106 19019.8855859652 
1 eager_8000.dot 8330435694 58.041264583 673810.963833755 45.88672095 558336.313564584 
1 atacseq_200.dot 2223941232 0.043605983 14639.5526436526 0.043907046 12146.8253909394 
1 chipseq_2000.dot 4807293396 1.106645714 169680.287554665 1.273037158 163727.800901428 
1 eager_10000.dot 19075314980 137.735667279 1519487.77396387 61.995011223 1328535.91087171 
1 eager_10000.dot 8330435694 133.977966161 829797.047954806 52.630057963 676360.995867649 
1 methylseq_200.dot 8885797810 0.039416866 21939.0256847732 0.040631047 21928.791375 
1 chipseq 32978181418 0.004638559 88713.8367687151 0.004220996 88157.9232619619 
1 methylseq_2000.dot 6761426956 0.925856076 113094.314012306 0.887723292 113102.157625 
1 atacseq_1000.dot 11187378708 0.279323646 96031.4868359637 0.367349795 96474.591 
1 eager 19100037384 0.024006006 56643.2229737314 0.021404849 56643.0976019165 
1 chipseq_10000.dot 32978181418 16.939280648 5932679.188676 17.100059006 5764320.58386729 
1 methylseq_2000.dot 110641579976 0.956519807 1658391.46075002 0.909881001 1596516.52300003 
1 chipseq_8000.dot 3793245764 13.924451619 844677.801748219 17.689074788 777813.614558403 
1 eager_4000.dot 19132169434 12.016412124 614663.632652969 10.894642245 545273.451205279 
1 chipseq_1000.dot 4807293396 0.332824855 77935.4947443842 0.410518193 81361.0808097267 
1 methylseq_200.dot 6761426956 0.039618334 16893.7269558169 0.040037944 16875.96425 
1 methylseq 17027257018 0.002457906 21799.6017103887 0.001785558 21753.6136458333 
1 eager_1000.dot 8330435694 0.862981857 108641.572052634 0.8063473 86247.5269401953 
1 chipseq_4000.dot 3793245764 3.534385126 413410.549512088 4.415491472 383917.943144586 
1 methylseq_200.dot 11897958606 0.039336861 29007.5486218441 0.040102902 28988.22775 
1 atacseq_1000.dot 3908761308 0.33276812 69781.938398236 0.376330555 69760.2854543805 
1 chipseq_1000.dot 3793245764 0.343033578 95740.6915697018 0.398523185 98011.7259507295 
1 atacseq_2000.dot 11809629756 0.847545333 185255.235879294 1.006268141 177300.497916666 
1 eager_4000.dot 8330435694 12.732207751 341817.636999568 10.717621978 294990.929289849 
1 methylseq_200.dot 22500260922 0.039746143 46142.2529863907 0.039967684 46125.3747916667 
1 eager_4000.dot 14754556884 13.347819825 620867.114958669 11.43646521 553618.473649283 
1 methylseq 6761426956 0.002447904 10835.5514145109 0.001783156 10800.792625 
1 eager_200.dot 19100037384 0.086035246 56943.3503789205 0.077420003 56664.578953833 
1 chipseq_1000.dot 5058052541 0.37675364 101034.20789106 0.392988108 101367.151928049 
1 methylseq_2000.dot 8885797810 0.879616462 147268.851038681 0.896115246 147275.704198509 
1 chipseq 41366257414 0.004498663 122872.131372281 0.004050181 122866.450651333 
1 eager_2000.dot 19075314980 2.832456787 320324.295007751 2.691685302 298241.917190498 
1 eager_2000.dot 19132169434 2.619561314 345061.24271803 2.718240656 297510.784697726 
1 atacseq_200.dot 11187378708 0.04391436 31029.3028362249 0.043757646 28036.7667501627 
1 atacseq_8000.dot 14091675276 11.299684763 1562483.85035617 13.594184743 1512015.87962502 
1 eager_10000.dot 19132169434 136.339481618 1515005.20389754 56.706117617 1301752.31081308 
1 methylseq_8000.dot 11897958606 15.605577282 773269.320363638 20.052944823 744560.615875008 
1 eager_1000.dot 19075314980 0.826139852999999 208803.852571987 0.807553011 156154.075421511 
1 eager_10000.dot 25705994498 132.929326338999 1976603.62758274 60.419066606 1669750.40366819 
1 atacseq 11187378708 0.008891992 34469.3124181274 0.006911319 27547.4933070787 
1 chipseq 5058052541 0.004392109 17984.7025118119 0.004101991 17174.5888213503 
1 eager_8000.dot 14754556884 61.570292503 1237808.58724269 35.752400106 1021089.45549268 
1 eager_10000.dot 14754556884 142.903048822 1539084.93819162 59.070932836 1287518.71027326 
1 methylseq_8000.dot 6761426956 16.1139964180001 458415.587943092 19.822393024 437840.163526653 
1 atacseq_10000.dot 11809629756 21.262973127 913855.782250931 22.417903257 900632.508762462 
1 eager_200.dot 19075314980 0.085354908 56891.6717169401 0.076411245 56600.9892213087 
1 chipseq 4807293396 0.004317588 14951.1371686829 0.004046947 14352.9969105412 
1 methylseq_10000.dot 6761426956 31.8693306130001 552979.096296692 19.849139357 547257.105185422 
1 methylseq_1000.dot 22500260922 0.307197056 163268.139028057 0.310936428 161307.385248937 
1 methylseq_8000.dot 22500260922 16.553530509 1181630.56736682 13.604956289 1171462.0241031 
1 atacseq_1000.dot 2223941232 0.309732597 40849.1393862546 0.359666442 41035.5332897772 
1 atacseq_4000.dot 3908761308 2.991970386 288567.631121088 4.06151842 276009.841121047 
1 chipseq_10000.dot 3793245764 19.3850449670001 1065873.12136221 27.951850982 973773.471250014 
1 eager_1000.dot 19132169434 0.862728463 189694.184369285 0.808733222 155644.015907508 
1 eager_8000.dot 25705994498 62.94579666 1587268.62753371 32.671894553 1347915.77774264 
1 methylseq_2000.dot 17027257018 0.937251576 229053.789920626 0.909238376 229050.781581102 
1 methylseq_4000.dot 6761426956 3.40190395 230815.941990738 3.05369804 221495.160289268 
1 chipseq_8000.dot 4807293396 17.112070906 710337.125804173 21.908432514 666381.64928198 
1 eager_4000.dot 19100037384 12.710237798 612520.22544172 11.611267088 547394.409871021 
1 eager_2000.dot 14754556884 2.72777908899999 321862.392030783 2.673136703 295788.925444166 
1 methylseq_4000.dot 22500260922 3.436015088 622067.650903058 3.468044695 589219.878762588 
1 atacseq_8000.dot 2223941232 13.365878924 356915.557455444 12.945933632 333333.170815506 
1 chipseq_200.dot 41366257414 0.038401345 171239.23520604 0.04079321 164843.941209357 
1 eager_200.dot 19132169434 0.088197419 56746.4552074396 0.07708493 56457.1047102746 
1 atacseq_4000.dot 2223941232 2.883814813 172305.432917149 3.770316756 161791.468940505 
1 chipseq_10000.dot 41366257414 22.568512394 7748925.16592587 16.809912488 7267920.74711203 
1 chipseq_4000.dot 4605965334 3.930910573 416685.856982406 4.557061767 382186.062109109 
1 atacseq_10000.dot 2223941232 18.535010689 445470.37528122 21.029535123 411728.226125002 
1 eager_2000.dot 8330435694 2.685435738 176631.205504404 2.724311991 156466.683291571 
1 methylseq_4000.dot 11897958606 3.576488518 394815.378621845 3.434144677 373143.952516833 
1 chipseq_4000.dot 4807293396 3.836461814 350534.157333948 4.574123795 330726.936412528 
1 eager_200.dot 14754556884 0.085639065 57006.0999942869 0.077423572 56749.5442955401 
1 chipseq 4605965334 0.005101499 24731.7486646221 0.00406212 17353.2888847408 
1 methylseq_2000.dot 6273818718 0.887939537 104613.399086679 0.88866615 103928.541572036 
1 atacseq 2223941232 0.008908762 18031.2449179858 0.00685114 11731.7171799908 
1 methylseq_1000.dot 17027257018 0.297846981 122608.568583427 0.31152233 121130.870507672 
1 chipseq_8000.dot 4605965334 13.540331468 849738.682736775 19.621552222 772081.122135984 
1 atacseq_2000.dot 2223941232 0.899621523 84491.5729841728 1.082920257 81811.2574405047 
1 methylseq_200.dot 6273818718 0.039604842 15559.1156625746 0.039850371 15543.090625 
1 atacseq_8000.dot 11187378708 12.955742012 814510.138114439 13.752717582 799231.188791832 
1 methylseq 8885797810 0.002455447 14055.5638623116 0.001783631 14029.894375 
1 methylseq_10000.dot 22500260922 24.810262497 1528158.67976774 20.566955576 1469003.49879061 
1 methylseq_1000.dot 6761426956 0.314771356 60370.0438308169 0.310367134 59629.220125 
1 chipseq_2000.dot 3793245764 1.130177675 204559.305582863 1.27558468 193133.613345316 
1 methylseq_1000.dot 8885797810 0.319909673 78569.8184347731 0.312890066 77628.68725 
1 eager 19132169434 0.024025459 56434.947273222 0.021524442 56434.8218551373 
1 methylseq_10000.dot 17027257018 22.85387172 1140785.94245964 18.833022088 1100682.20642846 
1 eager_200.dot 8330435694 0.085516669 31085.4649591466 0.076764313 30919.5543761484 
1 atacseq 11809629756 0.008846234 30981.936867192 0.006885891 24902.2818135722 
1 chipseq_10000.dot 4807293396 27.2992776139999 890305.100725974 34.825326453 835714.254967963 
1 atacseq_30000.dot 14091675276 236.497493277 6030859.57158911 225.170745172 5684800.35724974 
1 chipseq_15000.dot 41366257414 44.4790788990001 11710712.8371735 35.283462843 11114669.0756452 
1 methylseq_15000.dot 6761426956 74.0273637249995 848346.985574729 40.078930835 819450.82825001 
1 atacseq_15000.dot 3908761308 57.5246764650002 1126558.45830547 61.883208717 1056160.75012498 
1 eager_20000.dot 8330435694 639.770434432002 1672862.89486589 261.412455639 1305502.55225708 
1 eager_25000.dot 14754556884 851.656954578998 3766958.23280628 385.999127955 2958160.65826164 
1 atacseq_30000.dot 11809629756 233.204710878999 2767777.43378093 236.429712744 2714296.851146 
1 methylseq_30000.dot 110641579976 273.323619194 23687592.08075 269.404782449 22982744.8183336 
1 methylseq_20000.dot 6761426956 124.020093204 1139985.42170307 67.103540872 1093515.82887498 
1 atacseq_20000.dot 11809629756 90.2191780280005 1845203.60208906 85.387811954 1806724.62041665 
1 atacseq_30000.dot 3908761308 195.949268563999 2274419.69400705 265.431010578 2163721.92740735 
1 atacseq_30000.dot 11187378708 236.308338286999 3050299.40298467 227.212376377 3007791.79054374 
1 methylseq_30000.dot 8885797810 330.376165634003 2223382.12306399 235.335946901 2125967.119 
1 eager_20000.dot 19075314980 523.559014404002 3028025.5626108 269.98450557 2488060.3946962 
1 eager_30000.dot 19100037384 1364.07682919601 4587543.5876161 503.43669295 3630512.04539663 
1 chipseq_20000.dot 4807293396 113.458638741 1782666.51380141 130.845196966 1714317.55483457 
1 eager_25000.dot 25705994498 923.022304750002 4953244.5324868 410.655434621 3906951.54035603 
1 chipseq_25000.dot 41366257414 147.376675899 19607242.3940417 101.825926501 18779080.9873885 
1 methylseq_15000.dot 11897958606 64.9544546519997 1462019.74755927 46.756578581 1394495.57500001 
1 atacseq_30000.dot 2223941232 212.562221649 1361391.67356038 256.778484536 1263550.17119053 
1 chipseq_25000.dot 5058052541 184.387873377001 2763360.78447365 124.617833452 2680931.73648758 
1 methylseq_15000.dot 110641579976 82.552675557 12060370.5235 85.617348739 11514886.7064583 
1 methylseq_15000.dot 17027257018 64.354132136 1718460.31455378 43.661047542 1648538.47083335 
1 atacseq_20000.dot 14091675276 113.934584516 4026171.60572895 87.677624769 3799795.41968604 
1 atacseq_20000.dot 2223941232 81.3145438599996 906278.550415426 95.777524937 826188.794815474 
1 methylseq_20000.dot 11897958606 121.953152617 1942800.66615075 74.678044409 1860248.94833333 
1 atacseq_25000.dot 14091675276 182.686815680001 5188431.8024391 136.037197769 4753370.29937476 
1 chipseq_15000.dot 4605965334 47.544984658 1579691.64921807 49.313111972 1506642.00874998 
1 atacseq_15000.dot 14091675276 57.9544425709998 3072768.24546405 49.159940262 2847088.51937149 
1 atacseq_15000.dot 11187378708 48.6199109580002 1528980.08651213 39.726586977 1508349.80112501 
1 methylseq_20000.dot 110641579976 154.681571179999 15945078.766 96.481357171 15337701.0538749 
1 chipseq_15000.dot 32978181418 41.8160156530001 8836480.00592867 42.36919394 8703058.98935603 
1 eager_15000.dot 19100037384 323.668445120001 2294256.19730335 133.494638053 1898003.5912468 
1 chipseq_30000.dot 4807293396 276.115022269999 2701734.32303406 235.017800779 2613750.3525805 
1 methylseq_30000.dot 6761426956 352.978716372997 1708141.76880314 229.058610467 1639918.78387497 
1 chipseq_30000.dot 4605965334 248.981924480999 3165674.95095316 222.121697731 3029100.55867162 
1 methylseq_25000.dot 6761426956 201.296404347 1418744.24571981 152.312676391 1367270.4555604 
1 eager_25000.dot 8330435694 1236.41924561399 2083786.56263183 422.924256188 1614747.59073435 
1 chipseq_20000.dot 41366257414 81.5556911850001 15614465.3518745 65.878888383 15064903.8573061 
1 chipseq_20000.dot 5058052541 108.530162212 2190786.66888476 84.138931676 2100953.44948636 
1 atacseq_25000.dot 11187378708 139.211616474001 2562991.66454692 136.142135957 2513809.36558737 
1 atacseq_25000.dot 3908761308 139.436654789 1886671.433379 172.402857004 1762050.923375 
1 eager_15000.dot 14754556884 263.982781617 2276437.41371875 126.795247495 1859729.67551163 
1 chipseq_15000.dot 4807293396 56.1186645210002 1339377.11323118 67.346629996 1300276.70446138 
1 chipseq_25000.dot 32978181418 107.017092263 14819080.5520729 98.499519301 14351810.2551039 
1 methylseq_30000.dot 11897958606 325.493535468 2917470.46525461 204.676120899 2788941.89174986 
1 atacseq_25000.dot 11809629756 180.591493178999 2313303.82313212 151.546350326 2257759.68417924 
1 eager_30000.dot 19075314980 1779.02638939101 4547103.99918826 665.16673882 3655729.52448565 
1 methylseq_25000.dot 11897958606 199.281292328001 2412913.28128569 123.089130114 2324898.59924988 
1 eager_15000.dot 19132169434 321.944703096002 2286620.59269162 140.326262845 1877167.95135474 
1 methylseq_30000.dot 22500260922 328.124145023998 4537375.08422918 223.088307152 4388084.56697914 
1 chipseq_25000.dot 4605965334 171.006610689 2706490.42714737 154.126516704 2468625.46843752 
1 methylseq_30000.dot 6273818718 361.877437117999 1570504.38422801 209.076513459 1507437.56437496 
1 eager_30000.dot 8330435694 1526.13306094 2519010.7901723 712.032962641 1928139.89622046 
1 methylseq_15000.dot 6273818718 73.781100092 772369.556414749 42.72977644 753389.647445391 
1 eager_20000.dot 19100037384 480.098987902999 3040346.46731491 253.005207989 2451249.5937428 
1 methylseq_25000.dot 6273818718 189.119500254999 1285394.1333772 138.673979432 1256789.625 
1 atacseq_20000.dot 3908761308 118.084090007 1526674.9984948 114.217287358 1409542.40521164 
1 eager_25000.dot 19132169434 1011.204058147 3784568.54305725 387.336046398 3019121.89030239 
1 eager_15000.dot 19075314980 350.068622993002 2276519.55434515 140.165060252 1917210.15800989 
1 methylseq_20000.dot 8885797810 115.258976655 1443658.01246426 70.44777806 1417881.23765248 
1 atacseq_25000.dot 2223941232 166.950794533 1136662.26269669 156.81340575 1050112.39578735 
1 eager_20000.dot 25705994498 434.176920423999 3756589.78669958 225.742383805 3137993.31396041 
1 eager_25000.dot 19075314980 960.814104045002 3795067.29770189 394.283708369 3073675.23850927 
1 chipseq_15000.dot 5058052541 56.1122626150001 1647043.98756931 45.721653356 1587721.66684264 
1 atacseq_15000.dot 11809629756 58.4587239399998 1389014.88042261 54.435077352 1352883.56114582 
1 methylseq_15000.dot 8885797810 71.747157819 1108192.69376118 41.939231218 1062691.86718579 
1 methylseq_30000.dot 17027257018 357.868620384999 3426497.79429162 217.895559652 3297416.59646549 
1 chipseq_20000.dot 4605965334 101.073876937 2131033.55702637 93.0479077 1986204.12458017 
1 chipseq_15000.dot 3793245764 55.2211281269997 1615461.70658747 59.618734528 1505662.06149997 
1 eager_15000.dot 25705994498 301.995970189 2963104.90752303 131.642413448 2430347.99670406 
1 eager_30000.dot 25705994498 1378.452443432 5949220.3736826 504.19475545 4641158.64591857 
1 chipseq_20000.dot 3793245764 100.460144687 2134353.82146812 113.114946805 1991049.06666136 
1 chipseq_30000.dot 41366257414 153.155223702 23236381.3020592 158.806271591 22646562.1419974 
1 chipseq_30000.dot 32978181418 166.775030831 17616504.3282616 160.871435413 17349452.715208 
1 methylseq_25000.dot 110641579976 160.892877724999 19566262.110875 194.118878112 19147214.3955005 
1 eager_30000.dot 14754556884 1222.28035039798 4565423.49942591 622.827916072 3561938.12236937 
1 eager_20000.dot 19132169434 411.540894445995 3047341.88373394 273.409592786 2448615.94851208 
1 eager_20000.dot 14754556884 559.506483314006 3045015.71354352 250.026947514 2374412.86807795 
1 eager_15000.dot 8330435694 279.951852017001 1251734.89282644 143.467275164 1010070.7181786 
1 methylseq_25000.dot 8885797810 208.202789186001 1840162.8306997 145.133236375 1772231.37100001 
1 methylseq_20000.dot 17027257018 110.097796405 2284411.50137915 68.753001992 2198818.48739585 
1 methylseq_20000.dot 6273818718 125.201614035999 1048169.98169818 72.595858255 1005025.19519539 
1 methylseq_20000.dot 22500260922 132.847565459 3051405.99488125 68.272111706 2927437.30854169 
1 atacseq_20000.dot 11187378708 95.466691663 2040136.43703303 89.306418737 1997698.37700001 
1 atacseq_15000.dot 2223941232 44.2784510179997 680761.994051887 50.75551311 623346.543124987 
1 chipseq_25000.dot 4807293396 112.906046013001 2243390.17589359 203.251747343 2126979.27370588 
1 chipseq_25000.dot 3793245764 165.928993428 2728864.81199567 140.360991011 2532225.12624996 
1 methylseq_25000.dot 17027257018 181.812277598002 2853523.22361412 122.46585472 2747743.97202297 
1 eager_30000.dot 19132169434 1260.67641274999 4562984.80020149 530.177981388 3602176.35798372 
1 chipseq_30000.dot 5058052541 276.130299629999 3296809.33868104 192.957823946 3193010.01781411 
1 methylseq_15000.dot 22500260922 68.238800612 2288178.78440963 49.011247139 2194026.06572917 
1 chipseq_20000.dot 32978181418 69.6899586780001 11719253.0829148 65.281188075 11436964.6454164 
1 eager_25000.dot 19100037384 1011.30348454201 3788210.42707757 395.333287755 3044124.21555429 
1 methylseq_25000.dot 22500260922 213.709904115001 3815282.89632057 139.492800363 3658923.42552791 
1 chipseq_30000.dot 3793245764 217.602702532 3184635.52433414 203.33223137 3034013.55024488 
