algo_nr wf_name inp_size dur_alg1 ms_1 dur_alg2 ms_2 
4 eager 19075314980 0.025044346 58957.6910657306 0.021290839 56580.0427514548 
4 eager_1000.dot 25705994498 0.820959238 241993.811649707 0.654391339 223910.733924704 
4 methylseq_1000.dot 110641579976 0.300752891 853692.758375023 0.279225104 842747.731750007 
4 chipseq_200.dot 5058052541 0.03466293 34283.1570884841 0.039216115 33879.1750862947 
4 methylseq_1000.dot 6273818718 0.305889375 55515.8335375746 0.279173624 54833.8775358015 
4 chipseq_4000.dot 41366257414 3.81334238699999 3136241.79602258 3.477872761 4798662.25769235 
4 atacseq_2000.dot 14091675276 0.861344109 392054.367973701 0.985360136 596652.546915597 
4 atacseq_1000.dot 11809629756 0.289179712 88315.8303084241 0.334346591 79588.3403775306 
4 methylseq_200.dot 17027257018 0.039344827 34844.3660044962 0.039948709 34842.0044075224 
4 methylseq_8000.dot 110641579976 15.881445331 6369692.11487502 9.297508302 6184111.14662511 
4 atacseq_8000.dot 3908761308 11.296731687 605218.774597219 15.0671394 788448.189468583 
4 methylseq_8000.dot 17027257018 17.951200016 897277.280697539 7.977581539 883820.797370633 
4 atacseq_10000.dot 14091675276 17.318718927 2071545.36730557 19.389742333 2804507.32286887 
4 eager_2000.dot 25705994498 2.832545293 444999.054770449 1.933220863 412327.977085774 
4 eager_1000.dot 14754556884 0.789704608 210313.88190128 0.63076805 171073.525182704 
4 methylseq_10000.dot 8885797810 28.614937043 728845.773721781 12.303713055 711317.632590609 
4 atacseq_4000.dot 11809629756 2.736353225 365262.429360499 2.857237722 294897.085411693 
4 atacseq_1000.dot 14091675276 0.346605859 203302.133928568 0.344380028 316706.752012572 
4 methylseq_4000.dot 6273818718 3.134735029 212181.438872927 2.28630026 203579.940991098 
4 chipseq_1000.dot 4605965334 0.35460431 95776.23056536 0.395548872 189751.200567263 
4 atacseq_200.dot 11809629756 0.043448644 27964.198479171 0.042452857 25389.8268168846 
4 eager_8000.dot 19075314980 75.891030441 1253047.45218605 22.361972203 1182704.46151923 
4 methylseq_10000.dot 110641579976 32.899049971 7893284.46625004 13.435620946 7707860.70600008 
4 methylseq_2000.dot 22500260922 0.939546614000001 316944.204284053 0.736085 305366.143838358 
4 chipseq_200.dot 32978181418 0.039123575 133701.488023822 0.04222901 200360.464994114 
4 chipseq_2000.dot 4605965334 1.119416698 202802.827430881 1.253965291 377644.200670894 
4 atacseq_8000.dot 11809629756 10.506978974 736129.465156058 10.475656109 578910.767793588 
4 chipseq_200.dot 4807293396 0.038384134 21822.2322666446 0.039082011 27536.3836790209 
4 chipseq_200.dot 3793245764 0.038679937 25742.0094758993 0.038848702 34888.2052939564 
4 eager_8000.dot 19132169434 79.8043048020001 1247182.84719459 21.437303721 1149727.68995694 
4 atacseq_10000.dot 11187378708 15.551839344 1023371.23425408 14.089282745 812957.17714916 
4 chipseq_10000.dot 5058052541 26.131874397 1104847.39839211 29.505721804 1605681.87826486 
4 atacseq 3908761308 0.007244804 19568.9848618662 0.006786433 17530.7346485585 
4 atacseq_4000.dot 11187378708 3.054639162 400496.454999791 2.717866586 324452.760530913 
4 chipseq_4000.dot 32978181418 3.801752581 2268955.16656908 3.406674704 3412148.01861607 
4 eager_4000.dot 19075314980 12.103927664 624522.215716918 6.279497924 590434.96219746 
4 methylseq_4000.dot 17027257018 3.141110556 449389.698777085 2.256940684 441806.666762233 
4 chipseq_1000.dot 41366257414 0.384418601 729321.316737566 0.375475838 1162336.15186634 
4 atacseq_10000.dot 3908761308 22.257191712 747609.159728725 27.430269958 1006929.65446203 
4 eager_1000.dot 19100037384 0.789770122 183674.065671762 0.624208836 171474.59131902 
4 atacseq 14091675276 0.007322909 50831.8044874317 0.00673713 49772.260309386 
4 methylseq_1000.dot 11897958606 0.308121395 103394.246246844 0.279328187 102169.114170694 
4 atacseq_2000.dot 3908761308 1.033181042 147834.971673907 1.100523281 194934.879124801 
4 methylseq 11897958606 0.002473153 18441.8165841556 0.001794076 18427.5637956941 
4 eager 14754556884 0.025720055 58936.6651511819 0.021568071 56729.733446939 
4 chipseq_2000.dot 32978181418 1.201102359 1147487.92318007 1.091501706 1813735.83024414 
4 eager_2000.dot 19100037384 2.538387732 346442.13272919 1.88324617 319029.724923892 
4 chipseq_2000.dot 5058052541 1.049505351 203566.014759512 1.20133697 318632.022610468 
4 atacseq_4000.dot 14091675276 3.40027915999999 837395.51208096 3.333168997 1156916.02069791 
4 eager_200.dot 25705994498 0.086400546 110141.126485102 0.072063049 76804.0245861688 
4 methylseq_200.dot 110641579976 0.039503179 239743.230000021 0.039954191 239736.280750009 
4 methylseq 6273818718 0.002524465 9950.21633923527 0.001772205 9936.83453580147 
4 eager 25705994498 0.025253701 76992.7341752878 0.021116672 73933.1011536272 
4 methylseq_4000.dot 8885797810 3.10615728599999 300460.686755971 2.399076775 287153.271961799 
4 chipseq_2000.dot 41366257414 1.198540787 1535203.05078951 1.089245372 2421858.65550026 
4 chipseq_8000.dot 5058052541 16.555505187 871994.195506758 21.13467103 1301035.32231027 
4 methylseq_8000.dot 8885797810 18.792656493 572674.55076467 8.079452981 569443.660440283 
4 chipseq_8000.dot 41366257414 14.284028145 6377050.23957337 14.97549087 9466617.1193901 
4 methylseq_8000.dot 6273818718 16.230533395 413179.353650738 7.83845526 404601.225552883 
4 chipseq_1000.dot 32978181418 0.394866067 586164.544019363 0.381483297 895732.395604206 
4 methylseq_10000.dot 6273818718 27.8343287140001 513150.194046738 11.773139048 505606.269920665 
4 chipseq_10000.dot 4605965334 27.7045151009999 1074242.74991013 37.334600822 1925681.63692953 
4 methylseq 22500260922 0.002477365 28990.7939100626 0.001795395 28973.7911713163 
4 methylseq 110641579976 0.002555369 150870.696500007 0.001803439 150858.263250007 
4 chipseq_8000.dot 32978181418 15.22486198 4732862.71498616 13.18028524 6955051.34380759 
4 chipseq_4000.dot 5058052541 3.449329719 425154.962269604 3.97523456 638814.135285667 
4 eager 8330435694 0.025137023 32081.7310613089 0.021275271 30909.5203522135 
4 eager_4000.dot 25705994498 12.772333856 833082.01154581 6.886072365 760251.308581291 
4 eager_8000.dot 19100037384 80.8980778209998 1259649.35583429 26.9516855 1221959.37704941 
4 methylseq_4000.dot 110641579976 3.023135205 3254809.62500002 2.460829274 3131085.06966671 
4 chipseq 3793245764 0.005040277 26292.9833781748 0.004015404 17449.4435092059 
4 atacseq_200.dot 14091675276 0.043422091 55825.5068856705 0.043704641 77403.4352445655 
4 eager_10000.dot 19100037384 132.908621326999 1545138.03845429 44.513258162 1392606.30425951 
4 atacseq_2000.dot 11187378708 0.926422036 205945.654354903 0.867770427 165199.929194558 
4 methylseq_10000.dot 11897958606 29.8263548159999 973329.095819639 12.442344022 932651.053939445 
4 chipseq_200.dot 4605965334 0.037301861 28767.4826692101 0.038787715 37082.5873838088 
4 methylseq_2000.dot 11897958606 0.931774827 201340.04105712 0.740897464 193651.049465247 
4 atacseq_200.dot 3908761308 0.042351266 22351.5797927422 0.043335044 30207.9770983307 
4 eager_8000.dot 8330435694 74.5726648239999 691291.93147 25.900053476 638151.489415479 
4 atacseq_200.dot 2223941232 0.042454243 14709.5016458206 0.042721248 19376.9727656489 
4 chipseq_2000.dot 4807293396 0.999763299 168923.367943252 1.2505272 264491.638184956 
4 eager_10000.dot 19075314980 143.377162294999 1541207.91899693 32.9354052 1438746.19746453 
4 eager_10000.dot 8330435694 129.977081125 850159.921653033 39.155389536 787973.495551971 
4 methylseq_200.dot 8885797810 0.039439615 21947.7154347732 0.039417968 21941.2740628153 
4 chipseq 32978181418 0.004602968 93876.788398771 0.004130658 88158.0775427071 
4 methylseq_2000.dot 6761426956 0.878300467 113157.569573335 0.744707611 113121.011876936 
4 atacseq_1000.dot 11187378708 0.281060478 96068.9407818181 0.338182544 86536.7348039437 
4 eager 19100037384 0.025115728 59050.5599708606 0.021308001 56643.1378274412 
4 chipseq_10000.dot 32978181418 24.3839124480001 5980680.57339616 21.537941381 8845742.42343828 
4 methylseq_2000.dot 110641579976 0.991192859000001 1658400.23800002 0.749220992 1596594.38575002 
4 chipseq_8000.dot 3793245764 16.958393494 845335.309023268 20.741109016 1560805.22314974 
4 eager_4000.dot 19132169434 13.561478438 612730.462469302 6.31277244 576640.437841417 
4 chipseq_1000.dot 4807293396 0.335995703 78168.3620828407 0.40305139 125736.324637656 
4 methylseq_200.dot 6761426956 0.039442971 16903.0418308169 0.039371967 16896.287213077 
4 methylseq 17027257018 0.00246138 21799.6017103887 0.001784703 21781.1228152206 
4 eager_1000.dot 8330435694 0.790003296 96910.7519891813 0.622080806 93258.9528114374 
4 chipseq_4000.dot 3793245764 3.746128346 416684.073409878 4.890815469 791404.407760514 
4 methylseq_200.dot 11897958606 0.039524255 29016.1103718441 0.040083374 29010.3938940778 
4 atacseq_1000.dot 3908761308 0.333416092 69237.2028856661 0.359915195 99686.0144378393 
4 chipseq_1000.dot 3793245764 0.349302389 95588.1844956821 0.404521659 196972.782046705 
4 atacseq_2000.dot 11809629756 0.861281267 185387.677175892 0.94166318 158058.689087202 
4 eager_4000.dot 8330435694 12.733390225 345201.142851438 5.361585926 315194.877602845 
4 methylseq_200.dot 22500260922 0.038660124 46149.9667363907 0.039835716 46146.8972854541 
4 eager_4000.dot 14754556884 11.409223883 645423.322523569 6.520806278 609807.421193094 
4 methylseq 6761426956 0.002537363 10835.5514145109 0.001788326 10821.1152274128 
4 eager_200.dot 19100037384 0.08709542 83266.5666205369 0.072394246 58883.4839693851 
4 chipseq_1000.dot 5058052541 0.371959987 101043.176453831 0.395912838 156126.875961006 
4 methylseq_2000.dot 8885797810 0.863383635 147282.03831097 0.754434362 147295.650611873 
4 chipseq 41366257414 0.00447858 128584.135847173 0.004098828 122868.381897931 
4 eager_2000.dot 19075314980 2.670473079 323209.595256595 1.881346158 318546.206086088 
4 eager_2000.dot 19132169434 2.581456104 367572.739982177 1.879942593 315650.214578221 
4 atacseq_200.dot 11187378708 0.043884982 31028.5090183315 0.042671768 28036.7667501627 
4 atacseq_8000.dot 14091675276 10.6434796 1560422.66372949 11.940080091 2181825.01355011 
4 eager_10000.dot 19132169434 115.044617294 1521796.36294087 35.115429427 1431622.8951965 
4 methylseq_8000.dot 11897958606 17.592572822 773394.281823257 7.892231004 746081.856251915 
4 eager_1000.dot 19075314980 0.843999727999999 191651.776862589 0.638451053 171159.5067832 
4 eager_10000.dot 25705994498 129.577315675 2012719.81133465 32.953881775 1850294.15297591 
4 atacseq 11187378708 0.008725428 34469.3124181274 0.00677205 27547.4933070787 
4 chipseq 5058052541 0.004452044 18555.0337860104 0.004165107 17175.1800773082 
4 eager_8000.dot 14754556884 70.4719635940003 1270143.7344486 27.572825142 1189326.14550233 
4 eager_10000.dot 14754556884 126.204452682 1521596.01870787 35.240871969 1359036.70071733 
4 methylseq_8000.dot 6761426956 19.303115063 458608.894800827 8.142474215 440276.199082435 
4 atacseq_10000.dot 11809629756 15.81191531 915304.033784543 14.61762174 721770.450529321 
4 eager_200.dot 19075314980 0.087302773 83206.2035466581 0.071621989 58779.3830956369 
4 chipseq 4807293396 0.004590492 15533.8335922681 0.004076431 14353.5487328695 
4 methylseq_10000.dot 6761426956 29.6841528879999 553081.294580907 12.148278959 549900.681818052 
4 methylseq_1000.dot 22500260922 0.307259646 163275.852778057 0.279247689 161327.332212983 
4 methylseq_8000.dot 22500260922 16.3509463619999 1182050.40286765 7.835383176 1173236.38739838 
4 atacseq_1000.dot 2223941232 0.319789206 41796.6664518949 0.348110865 72324.1242418096 
4 atacseq_4000.dot 3908761308 2.762076811 289503.982982742 3.822438807 408000.600344818 
4 chipseq_10000.dot 3793245764 18.58641124 1054954.62772258 33.49656071 1992148.05751821 
4 eager_1000.dot 19132169434 0.793029513000002 183037.415200475 0.625117914 170848.772726892 
4 eager_8000.dot 25705994498 77.18162919 1631117.27368839 22.245999122 1481206.39132969 
4 methylseq_2000.dot 17027257018 0.904573090000002 229072.26902943 0.757674501 229088.392119113 
4 methylseq_4000.dot 6761426956 3.16998798 231063.528617726 2.293791278 221493.381092667 
4 chipseq_8000.dot 4807293396 13.434270318 707107.927587828 22.743860628 1035114.83800077 
4 eager_4000.dot 19100037384 13.478823025 637600.152341811 6.426653558 590705.860612335 
4 eager_2000.dot 14754556884 2.743629037 357651.5356362 1.906834002 350587.224619599 
4 methylseq_4000.dot 22500260922 3.138873818 622075.364653058 2.327442063 589218.103262391 
4 atacseq_8000.dot 2223941232 10.533951957 355758.486549527 14.080523087 588317.254064648 
4 chipseq_200.dot 41366257414 0.037598486 250627.474199024 0.039331253 282884.807330522 
4 eager_200.dot 19132169434 0.086634079 82713.3662315302 0.071724371 58617.2186409216 
4 atacseq_4000.dot 2223941232 2.676825345 175859.647447656 3.636239262 292258.926870278 
4 chipseq_10000.dot 41366257414 21.546289168 7625997.82373829 25.457770475 11880325.0784277 
4 chipseq_4000.dot 4605965334 3.91514813199999 419382.379675255 4.77402945 779765.186308103 
4 atacseq_10000.dot 2223941232 15.78151949 444514.081935492 23.739137684 721482.34652741 
4 eager_2000.dot 8330435694 2.686617757 185177.769807059 1.867707805 187422.116516476 
4 methylseq_4000.dot 11897958606 2.97526884800001 394823.94043212 2.191598206 373090.799752054 
4 chipseq_4000.dot 4807293396 3.28424179499999 348717.037485121 4.816643441 525404.749873107 
4 eager_200.dot 14754556884 0.086703582 87908.268306889 0.071691493 58772.2514711058 
4 chipseq 4605965334 0.005035427 24731.7486646221 0.003988567 17353.2888847408 
4 methylseq_2000.dot 6273818718 0.913319568 104613.399086679 0.750632856 103947.969604956 
4 atacseq 2223941232 0.008694998 18031.2449179858 0.006753591 11731.7171799908 
4 methylseq_1000.dot 17027257018 0.302681056 122608.568583427 0.281968481 121155.368336054 
4 chipseq_8000.dot 4605965334 13.916102589 842370.453536918 21.743511436 1540306.08450026 
4 atacseq_2000.dot 2223941232 0.918710642000002 85191.8952337638 1.075276811 142717.762992549 
4 methylseq_200.dot 6273818718 0.039288807 15568.3844125746 0.039862537 15561.1718461438 
4 atacseq_8000.dot 11187378708 10.499317691 814625.543295567 10.478471225 656348.144004216 
4 methylseq 8885797810 0.002491209 14055.5638623116 0.001795134 14042.3768206093 
4 methylseq_10000.dot 22500260922 29.594228954 1528550.27931807 12.957586438 1468671.3533133 
4 methylseq_1000.dot 6761426956 0.312987495 60379.3587058169 0.278486304 59649.5427274128 
4 chipseq_2000.dot 3793245764 1.122336628 203103.241875107 1.254191882 391012.598027095 
4 methylseq_1000.dot 8885797810 0.310446163 78578.5081847731 0.277011821 77641.1697393067 
4 eager 19132169434 0.024973029 58865.9225519048 0.021185107 56434.8620955076 
4 methylseq_10000.dot 17027257018 28.0183986390001 1140948.21713002 12.359351809 1104889.68128285 
4 eager_200.dot 8330435694 0.086329457 49825.8381318739 0.071705445 32057.7095461955 
4 atacseq 11809629756 0.008682892 30981.936867192 0.006790579 24902.2818135722 
4 chipseq_10000.dot 4807293396 23.569297999 891138.935521982 40.294187295 1308925.37207976 
4 atacseq_30000.dot 14091675276 184.547173067 6015895.32927728 189.8492095 8392441.62367818 
4 chipseq_15000.dot 41366257414 50.9235347950001 11834895.3063914 49.33276681 17874229.7867591 
4 methylseq_15000.dot 6761426956 65.0898252399999 848522.582711991 26.186116605 825234.465021844 
4 atacseq_15000.dot 3908761308 38.1037451400003 1122374.96617388 52.287245615 1487584.89444668 
4 eager_20000.dot 8330435694 587.607049400002 1668515.67384492 160.754024949 1676415.15110131 
4 eager_25000.dot 14754556884 902.512455728004 3818058.93179242 188.666910043 3610072.54479383 
4 atacseq_30000.dot 11809629756 178.238295603999 2758884.48565025 140.796250054 2334795.17776971 
4 methylseq_30000.dot 110641579976 252.263492756999 23687590.08075 141.733207431 22981614.1822501 
4 methylseq_20000.dot 6761426956 121.735373247 1140086.52257972 49.86965623 1101345.64618724 
4 atacseq_20000.dot 11809629756 67.8126447530002 1845788.28069496 55.017858327 1468869.31594112 
4 atacseq_30000.dot 3908761308 158.316533219 2271271.94749054 243.637579111 3003890.95512695 
4 atacseq_30000.dot 11187378708 177.666820424001 3047413.93223389 125.617562459 2595110.88503878 
4 methylseq_30000.dot 8885797810 308.389280849001 2223639.57382726 129.108235546 2137611.42803914 
4 eager_20000.dot 19075314980 710.884118894006 3046987.4824245 148.057164462 2796475.44198311 
4 eager_30000.dot 19100037384 2207.726906702 4586487.75407799 284.767001449 4120023.03046753 
4 chipseq_20000.dot 4807293396 103.36025845 1791456.09440018 153.275255913 2629334.86847145 
4 eager_25000.dot 25705994498 931.652605781 4949690.94310266 184.132085386 4755839.89235021 
4 chipseq_25000.dot 41366257414 114.884855328 19423980.8999977 165.014133234 29758891.1000469 
4 methylseq_15000.dot 11897958606 65.0221740930003 1462214.30733594 26.289218128 1399505.19916617 
4 atacseq_30000.dot 2223941232 202.504757614998 1351426.4973838 267.333005862 2186867.59575913 
4 chipseq_25000.dot 5058052541 181.330949555001 2777306.05266636 182.577020061 4013518.5055936 
4 methylseq_15000.dot 110641579976 78.4285820839998 12060379.30075 30.01168657 11514647.2883751 
4 methylseq_15000.dot 17027257018 67.7623768030001 1718719.76239837 26.281282976 1657634.89839315 
4 atacseq_20000.dot 14091675276 85.067792024 4008631.73757063 70.91888434 5541699.34236218 
4 atacseq_20000.dot 2223941232 72.731757342 905869.167091648 91.473354579 1443352.45666169 
4 methylseq_20000.dot 11897958606 123.759741487 1942961.00175915 51.690732024 1866953.45460656 
4 atacseq_25000.dot 14091675276 122.499683823 5164909.56774165 114.753422459 7041881.4961854 
4 chipseq_15000.dot 4605965334 46.8893442540001 1582083.94119395 80.314096604 2870279.68558569 
4 atacseq_15000.dot 14091675276 40.5732679279999 3071922.076804 36.309094905 4189302.11922308 
4 atacseq_15000.dot 11187378708 39.392408193 1528536.02205007 27.357404912 1247263.17759817 
4 methylseq_20000.dot 110641579976 131.111977318 15945087.54325 56.183038798 15337530.8032918 
4 chipseq_15000.dot 32978181418 53.4868333149999 8784738.33922726 43.867848109 13053728.9420899 
4 eager_15000.dot 19100037384 302.437222574 2294811.0790786 101.569932518 2228034.53276555 
4 chipseq_30000.dot 4807293396 233.780339442 2717535.20548028 392.255624276 3978509.21204035 
4 methylseq_30000.dot 6761426956 321.327783149002 1708204.51679607 134.749780283 1651922.66034151 
4 chipseq_30000.dot 4605965334 242.284374039999 3165778.6024522 388.336254156 5794694.96221938 
4 methylseq_25000.dot 6761426956 204.345526730001 1419000.3373465 85.07605218 1376965.90151544 
4 eager_25000.dot 8330435694 890.845820523001 2092190.59229582 274.83825619 2053108.68305274 
4 chipseq_20000.dot 41366257414 71.5159154450007 15521098.5359094 102.166634378 23612066.8449665 
4 chipseq_20000.dot 5058052541 126.418936758 2185215.97945432 111.100504043 3243731.34638665 
4 atacseq_25000.dot 11187378708 123.660696897 2563664.0866026 92.596150666 2218878.8405661 
4 atacseq_25000.dot 3908761308 121.241685099 1889200.51472594 157.824506516 2478639.25751395 
4 eager_15000.dot 14754556884 312.844938168003 2344168.57728558 82.261688123 2067838.46413279 
4 chipseq_15000.dot 4807293396 51.4426581229999 1349172.24990348 80.233243838 1980823.37669456 
4 chipseq_25000.dot 32978181418 121.092934362 14846898.4993874 138.06049075 21830607.0381457 
4 methylseq_30000.dot 11897958606 321.945918905 2917724.34001534 128.932777235 2800789.32427001 
4 atacseq_25000.dot 11809629756 112.518846618 2319535.06920227 82.805615883 2010515.83619293 
4 eager_30000.dot 19075314980 2228.96780894098 4584209.37071082 306.969849082 4360561.31137039 
4 methylseq_25000.dot 11897958606 210.118878848001 2413166.9138427 84.145565738 2335228.21127109 
4 eager_15000.dot 19132169434 344.177429374 2323534.34947079 76.438185836 2086120.99271343 
4 methylseq_30000.dot 22500260922 330.673785905001 4537618.48734061 137.126887241 4405820.19248753 
4 chipseq_25000.dot 4605965334 179.385142831001 2705263.91053505 255.897836301 4866551.60894475 
4 methylseq_30000.dot 6273818718 327.355127864999 1570669.28323811 128.074002134 1518048.25038832 
4 eager_30000.dot 8330435694 1627.20409806099 2519223.40235282 361.927258703 2423811.36684208 
4 methylseq_15000.dot 6273818718 65.526354769 772403.101172516 25.879848099 758766.880646238 
4 eager_20000.dot 19100037384 587.813548938997 3057651.7635776 130.297321464 2788674.43355991 
4 methylseq_25000.dot 6273818718 212.443371877 1285595.25274382 86.002601921 1265232.82131381 
4 atacseq_20000.dot 3908761308 97.2114255489994 1541306.59801723 99.314027168 2000017.8092668 
4 eager_25000.dot 19132169434 944.855255914004 3793200.08138634 187.535148414 3438257.26571501 
4 eager_15000.dot 19075314980 322.661135277 2313454.3840158 82.135042449 2098285.13534087 
4 methylseq_20000.dot 8885797810 127.477185115999 1443801.09699889 50.082562058 1424669.46680934 
4 atacseq_25000.dot 2223941232 118.19815802 1136235.37740752 154.196458131 1816451.02827316 
4 eager_20000.dot 25705994498 673.473890258995 3965143.69779858 128.514180716 3623245.57332508 
4 eager_25000.dot 19075314980 978.031449624995 3817596.84156407 192.858457435 3499725.45244325 
4 chipseq_15000.dot 5058052541 56.9060334739998 1648215.93652009 53.809839517 2404437.34914234 
4 atacseq_15000.dot 11809629756 36.0350570759998 1388027.79076711 28.12788122 1147752.31854434 
4 methylseq_15000.dot 8885797810 64.5562444510002 1108329.8050667 25.635991658 1067934.67417661 
4 methylseq_30000.dot 17027257018 303.928994677999 3426822.22837207 125.71682322 3316771.69404625 
4 chipseq_20000.dot 4605965334 108.305409357 2134337.88882759 148.835519993 3909886.70663139 
4 chipseq_15000.dot 3793245764 62.4436250760001 1616089.36905019 73.722865989 2999141.02405553 
4 eager_15000.dot 25705994498 359.066806661 3000058.08735871 112.399370981 2811838.5380196 
4 eager_30000.dot 25705994498 1202.232109827 5873627.795377 237.480121015 5379023.98352773 
4 chipseq_20000.dot 3793245764 106.790665541 2140706.06836109 141.867156432 3949615.12661402 
4 chipseq_30000.dot 41366257414 168.435481357001 23281320.2688934 252.78101894 35272376.8339737 
4 chipseq_30000.dot 32978181418 245.518543352 17589271.2094682 214.149225363 26389860.9536779 
4 methylseq_25000.dot 110641579976 173.220136864001 19566262.110875 108.572672482 19146475.3072501 
4 eager_30000.dot 14754556884 1724.68839605099 4569436.86629232 302.833633718 4079330.46357535 
4 eager_20000.dot 19132169434 599.249465001003 3067731.22877957 124.204934626 2785081.47107649 
4 eager_20000.dot 14754556884 654.273340777998 3078741.08186089 131.298275809 2743981.2858953 
4 eager_15000.dot 8330435694 275.616484287999 1268349.47186418 75.983539145 1218919.86148521 
4 methylseq_25000.dot 8885797810 209.262970748 1840418.11878243 82.898128153 1781487.89468297 
4 methylseq_20000.dot 17027257018 132.213144133 2284744.85745986 53.66513635 2211350.68233855 
4 methylseq_20000.dot 6273818718 122.926434833 1048446.41171649 49.775333173 1012241.46297699 
4 methylseq_20000.dot 22500260922 125.618740696 3051685.15608748 49.070602465 2936185.69605387 
4 atacseq_20000.dot 11187378708 70.8324737669997 2042029.43954982 53.10306283 1645839.2124059 
4 atacseq_15000.dot 2223941232 42.2705267390002 673701.368778444 50.739724448 1085865.01616552 
4 chipseq_25000.dot 4807293396 188.029657308001 2257585.12687637 248.235081826 3304561.43442898 
4 chipseq_25000.dot 3793245764 182.275752742 2703777.16934403 239.553782789 4994468.47899352 
4 methylseq_25000.dot 17027257018 204.263007173001 2854039.5473679 84.814375537 2765885.98057741 
4 eager_30000.dot 19132169434 1864.887282494 4549964.75988294 241.950790224 4122923.53662652 
4 chipseq_30000.dot 5058052541 263.400692572999 3311080.69740077 268.784867131 4821881.42005114 
4 methylseq_15000.dot 22500260922 65.559174062 2288322.46923377 26.89025651 2201564.69015816 
4 chipseq_20000.dot 32978181418 93.7699640219994 11847588.0201224 86.341317553 17551934.9472837 
4 eager_25000.dot 19100037384 856.302477897001 3809324.56640893 193.125287981 3574583.22172849 
4 methylseq_25000.dot 22500260922 217.246041356999 3816083.53093942 88.194453873 3672252.73108998 
4 chipseq_30000.dot 3793245764 217.001038202999 3201204.34831278 350.474399418 6153859.0700632 
