algo_nr wf_name inp_size dur_alg1 ms_1 dur_alg2 ms_2 
1 eager 19075314980 0.024928769 58957.6951151058 0.021153801 56622.0603666025 
1 eager_1000.dot 25705994498 0.766858706999999 271713.382486655 0.537529627 498363.318221853 
1 methylseq_1000.dot 110641579976 0.304385199 853696.414375007 0.217791982 1782332.57537517 
1 chipseq_200.dot 5058052541 0.036437586 27338.4576978298 0.034697176 75901.5165834843 
1 methylseq_1000.dot 6273818718 0.297916016 55519.9459616789 0.216324591 108629.694470201 
1 chipseq_4000.dot 41366257414 3.00014794100001 3151865.74273413 1.951683863 7925604.44293797 
1 atacseq_2000.dot 14091675276 0.820679826999999 393304.382495576 0.66537367 1542355.24522714 
1 atacseq_1000.dot 11809629756 0.284152817 88288.1092999067 0.255868763 374180.378478771 
1 methylseq_200.dot 17027257018 0.040358273 34819.8688669543 0.039576208 69125.7428345848 
1 methylseq_8000.dot 110641579976 16.173021082 6369692.11487505 3.05680484 11953196.386751 
1 atacseq_8000.dot 3908761308 9.08149615400003 598927.837321995 5.961583207 1842816.14461392 
1 methylseq_8000.dot 17027257018 17.728260385 901972.632659142 3.109648517 1660413.80866723 
1 atacseq_10000.dot 14091675276 13.574077452 2067499.51838806 7.415612433 6851749.23054172 
1 eager_2000.dot 25705994498 2.332410583 450399.910729788 1.447979701 885605.253589899 
1 eager_1000.dot 14754556884 0.783055372000001 199069.140859126 0.529278413 367397.369988547 
1 methylseq_10000.dot 8885797810 29.3890809180001 731798.627491219 4.367452395 1402693.38527049 
1 atacseq_4000.dot 11809629756 2.440645896 366721.177213861 1.801053798 1376309.24895844 
1 atacseq_1000.dot 14091675276 0.323835673 199086.761795129 0.257289014 840062.092089598 
1 methylseq_4000.dot 6273818718 3.912208378 213435.942700125 1.168031985 403423.1763913 
1 chipseq_1000.dot 4605965334 0.329866058 92568.9547278032 0.272693971 408212.213093058 
1 atacseq_200.dot 11809629756 0.043325499 27637.605598474 0.039421923 85512.6425976535 
1 eager_8000.dot 19075314980 47.4014371230002 1222348.72567854 16.876517397 3282181.52719285 
1 methylseq_10000.dot 110641579976 35.6148270150003 7893288.12225006 4.377539016 14838952.9948761 
1 methylseq_2000.dot 22500260922 0.898978043999999 316953.493383833 0.486733364 589978.786096752 
1 chipseq_200.dot 32978181418 0.036115334 177920.466007059 0.035473179 409963.399401608 
1 chipseq_2000.dot 4605965334 0.912509092000001 202654.784865145 0.712407928 816323.094742002 
1 atacseq_8000.dot 11809629756 8.14460471499999 731247.569374565 5.295362566 2749026.01401085 
1 chipseq_200.dot 4807293396 0.035418047 21140.3768003629 0.034623667 63487.0505238581 
1 chipseq_200.dot 3793245764 0.03693261 24890.225279971 0.034714008 78099.5619239881 
1 eager_8000.dot 19132169434 51.7282155760002 1240358.13654775 16.633011597 3064766.86767759 
1 atacseq_10000.dot 11187378708 11.454805731 1011730.81614572 7.525062922 3688424.57569288 
1 chipseq_10000.dot 5058052541 13.424067493 1064168.54403928 8.321267584 4152614.12366323 
1 atacseq 3908761308 0.00745938 19913.9249973233 0.006860094 17533.1104518702 
1 atacseq_4000.dot 11187378708 2.389696237 401174.301403194 1.757311041 1519939.27935776 
1 chipseq_4000.dot 32978181418 3.52450639700001 2386926.01047384 1.878852249 7555160.77191227 
1 eager_4000.dot 19075314980 9.66779716900001 612687.642177713 4.145326566 1403135.42558655 
1 methylseq_4000.dot 17027257018 3.061593768 459156.823601235 1.187409661 851276.083725365 
1 chipseq_1000.dot 41366257414 0.367258535 713224.372751593 0.28331301 2195747.880261 
1 atacseq_10000.dot 3908761308 11.500554865 754181.000981241 8.598183593 2299078.25848176 
1 eager_1000.dot 19100037384 0.759272443 213150.855564864 0.532912615 407266.408787696 
1 atacseq 14091675276 0.00751717 58772.5029606548 0.006737633 49810.3195801324 
1 methylseq_1000.dot 11897958606 0.297353216 103399.936832315 0.216739762 196816.75448702 
1 atacseq_2000.dot 3908761308 0.840533519 143766.915040556 0.65466338 482239.433185616 
1 methylseq 11897958606 0.002497543 18441.8165841556 0.001791278 18405.3983393795 
1 eager 14754556884 0.02510816 58936.6698261658 0.021062512 56769.4990813246 
1 chipseq_2000.dot 32978181418 1.148952924 1206323.39936321 0.775387679 3987943.44307227 
1 eager_2000.dot 19100037384 2.490651604 348378.991582815 1.43577049 678927.349630935 
1 chipseq_2000.dot 5058052541 0.991294544999999 217005.090503461 0.713816772 858902.006909033 
1 atacseq_4000.dot 14091675276 2.71396257500001 821593.227429447 1.835613887 2881086.14387125 
1 eager_200.dot 25705994498 0.078088198 110145.923360987 0.074409091 141399.501853026 
1 methylseq_200.dot 110641579976 0.03976933 239746.886000022 0.037043475 549294.475750066 
1 methylseq 6273818718 0.002463658 9950.21633923527 0.001800707 9918.75427015257 
1 eager 25705994498 0.024947344 76992.7382992165 0.021024971 73989.6355698463 
1 methylseq_4000.dot 8885797810 2.96035045599999 302925.663637499 1.178614888 574773.857673705 
1 chipseq_2000.dot 41366257414 0.93332575 1489303.33340854 0.710396931 4048694.6072106 
1 chipseq_8000.dot 5058052541 13.801081119 877086.099279542 5.728386573 3383323.05990383 
1 methylseq_8000.dot 8885797810 18.070273724 574806.564036097 3.108103773 1124944.04471931 
1 chipseq_8000.dot 41366257414 9.30707378999999 6200110.65143711 5.822780085 15136057.5397524 
1 methylseq_8000.dot 6273818718 17.9996891540001 414651.236075223 3.197755701 792149.295349559 
1 chipseq_1000.dot 32978181418 0.368312034 583736.772492479 0.29220149 2091056.33991789 
1 methylseq_10000.dot 6273818718 29.2989754669999 515739.182679289 4.392769624 985215.179745367 
1 chipseq_10000.dot 4605965334 21.060058288 1063266.52256078 9.492380194 3909192.9536284 
1 methylseq 22500260922 0.002469801 28990.7939100626 0.001796995 28952.2692213688 
1 methylseq 110641579976 0.002509653 150870.696500007 0.00177334 150842.152250015 
1 chipseq_8000.dot 32978181418 10.776968082 4775088.35176638 5.903990599 14933524.724639 
1 chipseq_4000.dot 5058052541 3.169511619 432098.278306476 2.082197736 1671574.62448463 
1 eager 8330435694 0.025152128 32081.7359626053 0.021162569 30929.7393051648 
1 eager_4000.dot 25705994498 10.345818432 832036.552617893 4.264888431 1774351.37860369 
1 eager_8000.dot 19100037384 49.534766913 1225232.26976924 16.863618812 3240340.91286727 
1 methylseq_4000.dot 110641579976 3.164597802 3265749.53037501 1.165151266 6175793.2393756 
1 chipseq 3793245764 0.005294214 27437.7833214216 0.00403929 17454.4288286055 
1 atacseq_200.dot 14091675276 0.042320473 53753.7665177059 0.039775949 177015.754516103 
1 eager_10000.dot 19100037384 76.6408007909997 1532120.04366255 24.022316718 3316196.4929797 
1 atacseq_2000.dot 11187378708 0.880597161 205514.267734671 0.668136076 793366.073463008 
1 methylseq_10000.dot 11897958606 22.265613565 978454.595084991 4.319470851 1809930.4593157 
1 chipseq_200.dot 4605965334 0.037290833 26289.7812629886 0.034382825 77673.4019051303 
1 methylseq_2000.dot 11897958606 0.945544206 201987.244832316 0.493934164 382321.007612149 
1 atacseq_200.dot 3908761308 0.044164135 20108.7792203391 0.039308776 63232.0677595001 
1 eager_8000.dot 8330435694 45.4583836999999 681060.673449463 17.61051398 1276379.91107866 
1 atacseq_200.dot 2223941232 0.044469725 13582.1465955111 0.039239062 40396.4783741347 
1 chipseq_2000.dot 4807293396 0.904550188 173994.769496533 0.729254411 717524.259539308 
1 eager_10000.dot 19075314980 78.4613546400003 1516849.61884251 25.049779488 3371501.81407361 
1 eager_10000.dot 8330435694 83.9608531819997 847788.220092343 26.240679989 1316977.90502867 
1 methylseq_200.dot 8885797810 0.037760549 21969.6667652773 0.037151726 40228.4398948085 
1 chipseq 32978181418 0.00465722 113772.726725726 0.00401825 88161.7075093044 
1 methylseq_2000.dot 6761426956 0.917651759 115089.343993442 0.491366365 226496.454674286 
1 atacseq_1000.dot 11187378708 0.282821917 97720.0065557391 0.256935376 414035.237253253 
1 eager 19100037384 0.024942021 59050.5640161854 0.02112914 56686.1446309586 
1 chipseq_10000.dot 32978181418 14.0017873840001 5933587.0146578 8.489251341 18724721.8265971 
1 methylseq_2000.dot 110641579976 0.981191746999999 1669340.14337501 0.488671263 3119373.32041696 
1 chipseq_8000.dot 3793245764 11.469137553 865614.425047692 6.842943426 3022959.03621542 
1 eager_4000.dot 19132169434 9.75924698100001 675997.456083178 4.249255431 1362349.6742996 
1 chipseq_1000.dot 4807293396 0.328317435 81113.2589331558 0.273373442 363217.848086846 
1 methylseq_200.dot 6761426956 0.037791995 16930.2152169456 0.03669893 30956.289443791 
1 methylseq 17027257018 0.002537214 21799.6017103887 0.00181896 21753.6141408787 
1 eager_1000.dot 8330435694 0.746693776 115734.725271712 0.52265812 171169.743877322 
1 chipseq_4000.dot 3793245764 2.574405286 418277.092128383 2.067207521 1511897.43009351 
1 methylseq_200.dot 11897958606 0.038756613 28991.0745322774 0.037124631 59978.4372795688 
1 atacseq_1000.dot 3908761308 0.330838802 71557.2503722262 0.254487825 247768.065225641 
1 chipseq_1000.dot 3793245764 0.33100161 96437.9966141265 0.271492365 396615.120083354 
1 atacseq_2000.dot 11809629756 0.762271426 181082.524415501 0.647437595 726315.692108659 
1 eager_4000.dot 8330435694 10.098698485 376769.360104063 4.25495094 539458.143464749 
1 methylseq_200.dot 22500260922 0.039074317 46159.2555497234 0.037076981 92826.4892196712 
1 eager_4000.dot 14754556884 10.475304501 639772.390179677 4.278836176 1129713.95154497 
1 methylseq 6761426956 0.002483442 10835.5514145109 0.001800297 10800.7933747638 
1 eager_200.dot 19100037384 0.074673402 83357.1889031514 0.07043279 111074.103825065 
1 chipseq_1000.dot 5058052541 0.341486261 99926.748292656 0.277093672 434230.493941248 
1 methylseq_2000.dot 8885797810 0.8649107 149213.570161098 0.505470053 294913.299806211 
1 chipseq 41366257414 0.004723171 176361.362537136 0.004056955 122869.830834242 
1 eager_2000.dot 19075314980 2.334513605 339908.023848226 1.421589496 706692.732791217 
1 eager_2000.dot 19132169434 2.556760504 340447.9672717 1.445590629 676003.537425473 
1 atacseq_200.dot 11187378708 0.043805394 31266.544558165 0.039725264 93957.4239520793 
1 atacseq_8000.dot 14091675276 13.586672047 1691377.16064904 5.557303367 5758241.5974187 
1 eager_10000.dot 19132169434 89.9753885919997 1542021.71648159 24.443948531 3222970.69786235 
1 methylseq_8000.dot 11897958606 19.1663853939999 775003.168926065 3.184949375 1455628.84153922 
1 eager_1000.dot 19075314980 0.773831681 209218.188725596 0.531608874 420226.966364432 
1 eager_10000.dot 25705994498 84.3535538309999 1978356.3497116 23.406856763 4149842.4116618 
1 atacseq 11187378708 0.008900716 34762.7842863117 0.006827635 27548.130491957 
1 chipseq 5058052541 0.005033272 24393.5983450974 0.004036672 17176.1649583398 
1 eager_8000.dot 14754556884 43.4072455490001 1245023.08428652 16.396777627 2579678.23107614 
1 eager_10000.dot 14754556884 85.8440229049994 1508528.04720779 24.919060064 2722260.61382959 
1 methylseq_8000.dot 6761426956 15.635296158 460398.837610181 3.093079947 863107.418473206 
1 atacseq_10000.dot 11809629756 12.9209011169999 913095.653556544 7.990825714 3341671.28772646 
1 eager_200.dot 19075314980 0.0756518619999999 83229.4154246323 0.071285718 110883.401125546 
1 chipseq 4807293396 0.005033358 20048.8138358404 0.004041172 14354.4679275713 
1 methylseq_10000.dot 6761426956 30.3908990210001 555479.029616125 4.358458148 1067811.1980376 
1 methylseq_1000.dot 22500260922 0.307558862 163285.141408608 0.219571264 326255.13718765 
1 methylseq_8000.dot 22500260922 18.389027923 1195612.67396022 9.873479417 2239560.86459881 
1 atacseq_1000.dot 2223941232 0.307117329 40629.0998512539 0.250240936 152626.499737487 
1 atacseq_4000.dot 3908761308 2.439705814 292442.714987918 1.860275247 927304.678370635 
1 chipseq_10000.dot 3793245764 17.3308531630001 1067293.34273481 8.589222683 3780868.28391224 
1 eager_1000.dot 19132169434 0.741329321 208469.004745741 0.523494134 395140.351312183 
1 eager_8000.dot 25705994498 46.8117744629999 1570242.73772562 16.193864732 3972491.58884518 
1 methylseq_2000.dot 17027257018 0.976718499999999 231941.711558249 0.486410993 438433.030864432 
1 methylseq_4000.dot 6761426956 3.21729269 234572.94178654 1.190605736 441374.116695282 
1 chipseq_8000.dot 4807293396 12.376179708 723647.172346618 6.685589552 2843676.00152028 
1 eager_4000.dot 19100037384 10.673703416 620679.130416432 4.317735601 1414080.09118273 
1 eager_2000.dot 14754556884 2.55233011 322315.4878681 1.454449262 572669.297086112 
1 methylseq_4000.dot 22500260922 2.993956772 628361.130865525 1.161060354 1150556.67354023 
1 atacseq_8000.dot 2223941232 7.85574314599998 354696.670523815 5.698661222 1105878.28049082 
1 chipseq_200.dot 41366257414 0.037944142 181682.560421778 0.035089486 542411.329038237 
1 eager_200.dot 19132169434 0.075507275 82740.6827788213 0.071542873 111106.242356897 
1 atacseq_4000.dot 2223941232 2.444965547 177418.674710747 1.806806967 566561.232595889 
1 chipseq_10000.dot 41366257414 13.72987613 7534002.37986295 9.198403551 19197474.8637659 
1 chipseq_4000.dot 4605965334 2.56334712 398190.123259524 2.111948184 1579703.13031464 
1 atacseq_10000.dot 2223941232 12.200216536 443314.11205448 8.614646375 1390643.43417181 
1 eager_2000.dot 8330435694 2.450769091 177756.539882478 1.417632866 286246.914334363 
1 methylseq_4000.dot 11897958606 3.18427005599999 396046.200832316 1.175786171 745338.657944675 
1 chipseq_4000.dot 4807293396 3.050142288 354173.014320317 2.136846134 1437831.91706286 
1 eager_200.dot 14754556884 0.076180002 87933.5140470706 0.071560537 102569.388128509 
1 chipseq 4605965334 0.005139089 25883.4480480018 0.004075957 17357.7839368038 
1 methylseq_2000.dot 6273818718 0.881395878 106191.653382806 0.484794326 202945.319101442 
1 atacseq 2223941232 0.008994291 18280.1279729431 0.00689195 11733.9650978042 
1 methylseq_1000.dot 17027257018 0.299955717 122608.568583427 0.217541882 242034.632309902 
1 chipseq_8000.dot 4605965334 12.340395432 848863.552413336 6.614832801 3107198.52607921 
1 atacseq_2000.dot 2223941232 0.906406449999999 88358.0871116382 0.629703901 299541.151274554 
1 methylseq_200.dot 6273818718 0.039651142 15572.497157817 0.03702187 32458.202347317 
1 atacseq_8000.dot 11187378708 7.845972362 804607.11228465 5.38177047 2991388.62422169 
1 methylseq 8885797810 0.002437875 14055.5638623116 0.001800958 14029.8948785081 
1 methylseq_10000.dot 22500260922 28.766171997 1536546.55934585 4.359996562 2801440.79576568 
1 methylseq_1000.dot 6761426956 0.292189055 60384.47928654 0.215134926 121005.967010286 
1 chipseq_2000.dot 3793245764 0.962793289 203748.218018158 0.717029548 795943.169756123 
1 methylseq_1000.dot 8885797810 0.30053709 78583.0049853164 0.218694237 157606.028668575 
1 eager 19132169434 0.025752338 58865.9265987225 0.021105706 56479.4719217419 
1 methylseq_10000.dot 17027257018 23.961859974 1144530.72832848 4.395899243 2068242.02983803 
1 eager_200.dot 8330435694 0.0778860419999999 49843.3691280562 0.071320598 52266.3593763777 
1 atacseq 11809629756 0.009105338 31240.3116967754 0.006722674 24902.908396341 
1 chipseq_10000.dot 4807293396 19.9747609249999 889183.994914075 10.655168708 3539156.4354692 
1 atacseq_30000.dot 14091675276 130.823868952001 6073157.62823377 54.910331088 20420671.0102482 
1 chipseq_15000.dot 41366257414 35.919595797 11577716.7986378 22.214478187 28092076.5251853 
1 methylseq_15000.dot 6761426956 63.5976986479999 850755.668720512 8.24332592 1608514.65549372 
1 atacseq_15000.dot 3908761308 42.8568041250002 1138561.79037993 20.602319285 3427947.89088361 
1 eager_20000.dot 8330435694 396.210360336 1634306.72853701 122.81647538 3033598.82641571 
1 eager_25000.dot 14754556884 829.399773846993 3514104.20422651 558.39591631 8044105.23069231 
1 atacseq_30000.dot 11809629756 110.714632518 2733485.31165203 56.548456336 10022255.9733799 
1 methylseq_30000.dot 110641579976 283.607028249 23698524.530375 31.811542793 38311966.0876278 
1 methylseq_20000.dot 6761426956 125.183369709 1141661.67299071 13.529534293 2133962.94677367 
1 atacseq_20000.dot 11809629756 53.1975459740004 1821414.54325257 24.12083438 6653060.1666094 
1 atacseq_30000.dot 3908761308 168.35151054 2287922.51826437 82.041296701 6805562.48530482 
1 atacseq_30000.dot 11187378708 131.702590543001 3032385.30858545 56.781306059 10998578.0104039 
1 methylseq_30000.dot 8885797810 732.794316251997 2228862.70825857 94.954359866 4155425.92910846 
1 eager_20000.dot 19075314980 325.191922415002 2920427.83561194 107.702512296 7990938.83347541 
1 eager_30000.dot 19100037384 1552.472052973 4169358.12163545 773.579909631 11662598.2929066 
1 chipseq_20000.dot 4807293396 67.5824775200004 1794394.45068262 34.003290963 7064676.20083209 
1 eager_25000.dot 25705994498 668.179121479 4585899.26998305 526.028051213 12115391.8158311 
1 chipseq_25000.dot 41366257414 100.610870811 18775716.6121951 74.445963511 47612113.9816109 
1 methylseq_15000.dot 11897958606 68.385889703 1462236.11269349 8.324399729 2693211.8625751 
1 atacseq_30000.dot 2223941232 139.772224827002 1351960.41490853 68.099805392 4103180.50987729 
1 chipseq_25000.dot 5058052541 114.00305569 2731433.89962355 49.125692624 10689756.4491475 
1 methylseq_15000.dot 110641579976 73.4201325750001 12060381.12875 8.133276264 21217221.1142517 
1 methylseq_15000.dot 17027257018 66.3630321360001 1717954.44241176 8.113492227 3095881.65210807 
1 atacseq_20000.dot 14091675276 67.604908706 4054839.4404998 29.09802619 14250135.0057112 
1 atacseq_20000.dot 2223941232 60.5051504380007 893011.531235831 29.911583409 2775397.82221415 
1 methylseq_20000.dot 11897958606 147.701405451 1949852.54450225 14.543229051 3585809.62652249 
1 atacseq_25000.dot 14091675276 93.5875286330017 5087739.006818 43.384776899 16988619.8729897 
1 chipseq_15000.dot 4605965334 49.1582944459998 1593952.31451581 21.322621449 5869784.81457306 
1 atacseq_15000.dot 14091675276 41.9351905620001 3072246.37474159 16.15951853 10205201.5823146 
1 atacseq_15000.dot 11187378708 34.6749321570004 1512780.86223299 15.003939687 5480486.16182158 
1 methylseq_20000.dot 110641579976 134.159980992 15956027.448625 13.448083205 27324239.7422927 
1 chipseq_15000.dot 32978181418 33.1807030700001 8917115.737288 18.764248043 28366392.5599929 
1 eager_15000.dot 19100037384 178.695244418 2286950.86007323 59.137380103 5180035.59743848 
1 chipseq_30000.dot 4807293396 233.644967615001 2694304.8505327 91.740195668 10581857.8891873 
1 methylseq_30000.dot 6761426956 340.085724383 1710516.59888327 29.983059421 3196478.74051088 
1 chipseq_30000.dot 4605965334 207.113408823001 3202555.2657365 83.691831927 11696626.2141275 
1 methylseq_25000.dot 6761426956 382.581815292003 1419136.28898665 65.077163687 2670069.39350465 
1 eager_25000.dot 8330435694 879.095832760996 1995059.09290187 561.436982153 3892309.9072598 
1 chipseq_20000.dot 41366257414 57.3311683210001 15387676.4438072 38.919787971 37473938.0636804 
1 chipseq_20000.dot 5058052541 94.3538566780002 2208699.32563393 28.980535796 8608550.58193517 
1 atacseq_25000.dot 11187378708 77.1493687279996 2526588.86203342 38.079729348 9134701.45422303 
1 atacseq_25000.dot 3908761308 110.061969896 1903810.63946631 55.466916927 5625429.22567031 
1 eager_15000.dot 14754556884 167.72032667 2222185.4498372 57.748457063 4475587.5395571 
1 chipseq_15000.dot 4807293396 53.5572705550002 1361245.99269393 20.667211875 5275710.40410453 
1 chipseq_25000.dot 32978181418 94.3786683859996 14379317.2630913 52.420282773 46841184.2043977 
1 methylseq_30000.dot 11897958606 504.823559997999 2918252.359501 91.293897915 5375743.10137719 
1 atacseq_25000.dot 11809629756 80.708996794 2285208.47990375 35.68859792 8281138.83125883 
1 eager_30000.dot 19075314980 1452.875004969 4229642.03409489 771.174033301 11805871.8634047 
1 methylseq_25000.dot 11897958606 220.292529323998 2416206.08286055 20.681636182 4480315.71638312 
1 eager_15000.dot 19132169434 174.403437174 2261543.03134251 58.736627408 5131273.98869013 
1 methylseq_30000.dot 22500260922 701.846249362002 4541143.13568248 92.902005482 8295869.6487445 
1 chipseq_25000.dot 4605965334 154.857611207 2686713.39455922 55.105754649 9764966.84852064 
1 methylseq_30000.dot 6273818718 547.580952740003 1570627.51257563 92.143302257 2925104.07293093 
1 eager_30000.dot 8330435694 1289.59299788201 2289734.5020078 804.09577049 4636743.797895 
1 methylseq_15000.dot 6273818718 61.3883196810002 774233.909708528 8.121305485 1470159.48820375 
1 eager_20000.dot 19100037384 344.051396498999 2959758.50627255 108.530646451 7809654.31029439 
1 methylseq_25000.dot 6273818718 199.303073586 1286242.03137071 20.816404368 2440397.64484796 
1 atacseq_20000.dot 3908761308 54.665936983 1511208.97352068 36.614134287 4508918.95913805 
1 eager_25000.dot 19132169434 695.995069332999 3698845.91429895 530.588160077 9971130.32905177 
1 eager_15000.dot 19075314980 211.379962096 2301916.08546494 63.939130001 5322669.86306779 
1 methylseq_20000.dot 8885797810 135.887095832 1448224.61407068 14.20819453 2778858.03254296 
1 atacseq_25000.dot 2223941232 90.3537454020004 1118128.67719761 44.707415892 3418026.03906857 
1 eager_20000.dot 25705994498 349.034923296 3747698.58588924 109.998488928 9414893.23856373 
1 eager_25000.dot 19075314980 565.508679022996 3745865.7016155 193.235060634 9996106.03250307 
1 chipseq_15000.dot 5058052541 54.3301252320001 1664945.48066613 18.535784257 6402040.35609839 
1 atacseq_15000.dot 11809629756 29.23763641 1376865.50229385 15.169777781 4977978.51453625 
1 methylseq_15000.dot 8885797810 63.0013583839999 1111585.86990172 8.419512984 2094673.29118206 
1 methylseq_30000.dot 17027257018 646.582856800999 3429307.34342007 90.857137963 6134215.08444252 
1 chipseq_20000.dot 4605965334 101.264690138 2141818.2691406 41.137669926 7754481.72633956 
1 chipseq_15000.dot 3793245764 50.619258758 1613020.95182413 21.807879353 5591161.42730105 
1 eager_15000.dot 25705994498 169.192157355 2936467.52396259 55.884676607 6403514.71428445 
1 eager_30000.dot 25705994498 1615.984126964 5536272.09335626 817.76847299 14654447.9983519 
1 chipseq_20000.dot 3793245764 104.909838322 2172086.14272221 37.947491245 7540536.25216574 
1 chipseq_30000.dot 41366257414 141.215541972001 22613717.0911385 108.555125353 56446995.566122 
1 chipseq_30000.dot 32978181418 133.647225398 17796679.9937444 79.272061211 56078851.3786058 
1 methylseq_25000.dot 110641579976 166.491321994 19584591.5313768 20.27691266 33357305.4297528 
1 eager_30000.dot 14754556884 1592.85037657499 4094284.62663768 793.599161384 9764595.58312534 
1 eager_20000.dot 19132169434 342.882974495002 2961043.77817654 110.361671513 7642736.90127985 
1 eager_20000.dot 14754556884 329.325657014001 2935188.17082446 108.725948146 6385735.08286687 
1 eager_15000.dot 8330435694 167.651827105001 1225153.73948248 60.119589682 2000065.90363165 
1 methylseq_25000.dot 8885797810 224.587901888999 1841367.85220387 20.874263796 3475337.949549 
1 methylseq_20000.dot 17027257018 128.568040361 2287619.26572798 13.599003839 4105288.13010297 
1 methylseq_20000.dot 6273818718 136.528228993001 1051270.93831942 13.805660414 1958720.12846589 
1 methylseq_20000.dot 22500260922 133.842305735 3053303.75011209 13.559742464 5533652.7143394 
1 atacseq_20000.dot 11187378708 50.5459258579999 2031438.06819465 25.375126262 7290008.70324448 
1 atacseq_15000.dot 2223941232 29.1140772450001 664942.090769726 18.796379557 2051218.07866187 
1 chipseq_25000.dot 4807293396 167.514850119 2249882.75794578 55.458992154 8799412.62135722 
1 chipseq_25000.dot 3793245764 150.054139129 2716624.13393605 54.535962697 9368004.93639139 
1 methylseq_25000.dot 17027257018 219.668790011 2858028.62460514 20.600398012 5101548.59728786 
1 eager_30000.dot 19132169434 1651.695441729 4402503.29953323 813.196244764 11577676.3543628 
1 chipseq_30000.dot 5058052541 262.718000978999 3346721.076101 75.948294565 12883094.2397088 
1 methylseq_15000.dot 22500260922 71.034804099 2293192.69458203 8.653532831 4165448.69822216 
1 chipseq_20000.dot 32978181418 61.4763011730005 11761928.4068564 28.032330923 36465929.6741242 
1 eager_25000.dot 19100037384 745.624348210007 3601094.00868907 551.076716585 9923168.7601654 
1 methylseq_25000.dot 22500260922 315.462974037999 3822323.88747115 74.622198244 6911046.45471728 
1 chipseq_30000.dot 3793245764 199.025835517 3231631.81482022 80.886659898 11202711.3000723 
