algo_nr wf_name inp_size dur_alg1 ms_1 dur_alg2 ms_2 
1 atacseq_30000.dot 14091675276 19.52625243 1694917638.56013 41.873453484 1852042379.94894 
1 chipseq_15000.dot 41366257414 10.203121845 3458076579.04941 6.956119864 3863091007.76932 
1 methylseq_15000.dot 6761426956 47.986041824 568024905.763842 56.346481007 568983221.724436 
1 atacseq_15000.dot 3908761308 9.40984145100002 274787288.734185 16.959027211 334445936.524463 
1 eager 19075314980 0.02210078 5811506.64884362 0.020177849 3743442.56802239 
1 eager_1000.dot 25705994498 0.821651619 32007702.1798818 0.59450677 48029862.8665712 
1 eager_20000.dot 8330435694 101.789544495 433058974.339305 210.405818446 576885147.034781 
1 eager_25000.dot 14754556884 56.6182811850001 448219367.143309 236.96111552 805217142.877729 
1 methylseq_1000.dot 110641579976 0.293513065 493078133.4308 0.318890889 493308681.911342 
1 chipseq_200.dot 5058052541 0.042579213 3155990.2975679 0.031289383 2483400.80896391 
1 atacseq_30000.dot 11809629756 27.123604042 1019684962.59333 60.785850326 1114659370.45022 
1 methylseq_1000.dot 6273818718 0.299426938 16577333.1343806 0.309523531 16594149.0548578 
1 chipseq_4000.dot 41366257414 1.431260006 917584731.698463 1.089660218 985826198.146291 
1 atacseq_2000.dot 14091675276 0.532001771 111945219.714054 0.620674697 114336392.59836 
1 atacseq_1000.dot 11809629756 0.263219391 25461570.614924 0.296249592 32174383.6039912 
1 methylseq_200.dot 17027257018 0.044538365 17370621.7702448 0.040889339 17379142.1238793 
1 methylseq_30000.dot 110641579976 124.273015297 13977639363.2599 244.315281454 14002311376.1895 
1 methylseq_8000.dot 110641579976 7.25727138899999 3747079445.48669 9.011397797 3753559584.12225 
1 methylseq_20000.dot 6761426956 95.2443538339996 758725034.267595 112.24798271 759995921.045628 
1 atacseq_8000.dot 3908761308 4.29495750300001 144440534.921582 5.886963393 177633495.065288 
1 methylseq_8000.dot 17027257018 7.75971252400001 766445344.691455 11.848225909 767375179.472995 
1 atacseq_10000.dot 14091675276 3.42877440100002 575824418.171837 5.120428216 599440563.127471 
1 atacseq_20000.dot 11809629756 16.724014364 689344819.702143 29.826475603 737242867.870949 
1 atacseq_30000.dot 3908761308 24.482848935 537188075.027546 48.482068809 674676911.690202 
1 eager_2000.dot 25705994498 1.857052012 70895518.988961 1.633599914 110170100.92119 
1 eager_1000.dot 14754556884 0.885135472 17068762.5081003 0.633434076 21086031.413134 
1 atacseq_30000.dot 11187378708 29.6557770209999 913472933.241619 68.033638831 1041888432.82587 
1 methylseq_10000.dot 8885797810 14.599769362 496538311.271902 19.301802024 497358993.27606 
1 atacseq_4000.dot 11809629756 2.120164371 133283992.276519 2.175286346 144804329.595422 
1 atacseq_1000.dot 14091675276 0.24716473 54672740.8652151 0.263178445 52910842.0878656 
1 methylseq_4000.dot 6273818718 2.098757389 78948378.133151 2.993000711 79102962.4171628 
1 chipseq_1000.dot 4605965334 0.364470083 26514763.8435918 0.289248035 37881286.032268 
1 atacseq_200.dot 11809629756 0.054039098 394659.151759949 0.036520595 379326.716676507 
1 eager_8000.dot 19075314980 11.388321293 198968318.334683 19.068249003 319231909.772291 
1 methylseq_10000.dot 110641579976 11.184839444 4679121262.60277 21.142764364 4687086452.36456 
1 methylseq_2000.dot 22500260922 0.741179850999999 46815956.2394873 0.948167382 48007441.4950913 
1 chipseq_200.dot 32978181418 0.034653746 42185912.1863648 0.029547346 44520466.0988519 
1 chipseq_2000.dot 4605965334 0.633834110999999 58409106.2544327 0.761424304 72440030.8078266 
1 methylseq_30000.dot 8885797810 142.783610393 1498571397.80419 298.022354626 1501085575.48229 
1 eager_20000.dot 19075314980 43.338256739 507699020.141097 149.055739252 832494049.102257 
1 atacseq_8000.dot 11809629756 4.87577758099999 255854296.79565 6.047155797 291646645.554437 
1 eager_30000.dot 19100037384 78.4590779680006 747094268.101297 363.128672545 1240469779.09185 
1 chipseq_200.dot 4807293396 0.039072368 3531956.35938548 0.031684313 2409277.25967098 
1 chipseq_200.dot 3793245764 0.049457244 56167.9110000001 0.033354163 833521.614654398 
1 eager_8000.dot 19132169434 11.729210987 199288489.493463 18.513434698 324287139.513841 
1 atacseq_10000.dot 11187378708 6.553967951 304807732.102063 8.153728033 337412177.243618 
1 chipseq_20000.dot 4807293396 13.636654145 670790808.197326 30.465475125 881514166.355538 
1 chipseq_10000.dot 5058052541 5.614956891 363734867.468147 10.302385112 482903106.288844 
1 atacseq 3908761308 0.009849315 55562.4026291754 0.007106716 29956.8083490457 
1 atacseq_4000.dot 11187378708 2.14447718 125222861.427127 2.31119668 136063066.389785 
1 chipseq_4000.dot 32978181418 1.227454712 1076865289.2252 1.296477752 1168006500.63255 
1 eager_4000.dot 19075314980 5.074683894 99740026.1133987 5.242808669 153981436.858013 
1 methylseq_4000.dot 17027257018 2.23832759 381505566.942365 3.528334202 381966233.614223 
1 chipseq_1000.dot 41366257414 0.220733995 218502510.25921 0.188351876 238728450.228814 
1 atacseq_10000.dot 3908761308 6.62771442099999 176775768.188499 8.286387969 220753287.046637 
1 eager_1000.dot 19100037384 0.760624581000001 25525249.4224454 0.576947327 28998094.8149201 
1 eager_25000.dot 25705994498 114.799252888999 904280579.189757 199.866596456 1337468465.79748 
1 chipseq_25000.dot 41366257414 23.2524352000001 5760506396.32754 14.536232837 6514628578.26355 
1 atacseq 14091675276 0.007265218 3609324.21925355 0.006190351 3400175.6115829 
1 methylseq_15000.dot 11897958606 30.4816858919999 1008496757.82983 57.051582079 1010093900.64094 
1 atacseq_30000.dot 2223941232 30.6546093290001 369221856.32429 61.014664071 391561562.498637 
1 methylseq_1000.dot 11897958606 0.298586974 65479529.8676151 0.333507108 65572121.2992906 
1 atacseq_2000.dot 3908761308 0.817391715 31447582.9667613 0.804192292 41847241.1374254 
1 methylseq 11897958606 0.002736808 18441.8166653709 0.001971365 18427.5635 
1 chipseq_25000.dot 5058052541 19.6272149149999 922662900.518245 53.515489884 1222528247.85647 
1 methylseq_15000.dot 110641579976 40.9828555359999 7002165008.95426 34.756717371 7013595434.7986 
1 methylseq_15000.dot 17027257018 28.4416371289999 1442691267.24129 45.722552892 1444457239.47095 
1 eager 14754556884 0.027781842 996315.047542281 0.019818357 940990.793475461 
1 chipseq_2000.dot 32978181418 0.500659458 528423600.650059 0.498655476 579060670.757082 
1 eager_2000.dot 19100037384 2.204089115 49330056.6510359 1.673906886 76196175.6370815 
1 atacseq_20000.dot 14091675276 9.18364096100003 1144127082.29862 19.21066659 1224664401.44515 
1 atacseq_20000.dot 2223941232 17.537647559 252771356.271517 32.164007359 263333934.492216 
1 chipseq_2000.dot 5058052541 0.675249125 69310630.5921928 0.759124877 95654971.7501881 
1 methylseq_20000.dot 11897958606 58.3890848949997 1345462164.57903 109.82330751 1347591727.87322 
1 atacseq_25000.dot 14091675276 13.313589411 1430698503.5489 26.757747893 1536179801.69608 
1 atacseq_4000.dot 14091675276 1.2216004 239480448.854158 1.543709089 233448650.86703 
1 eager_200.dot 25705994498 0.0843377 3684658.21973286 0.066984066 5785464.16921085 
1 chipseq_15000.dot 4605965334 7.81746896899999 474164470.275745 15.033122565 589780008.939838 
1 atacseq_15000.dot 14091675276 5.54195037999998 847492659.578137 11.148674884 911215520.504917 
1 methylseq_200.dot 110641579976 0.043232298 106376500.73633 0.039744028 105183879.878512 
1 methylseq 6273818718 0.002797124 9950.21661322558 0.001979043 9936.834125 
1 atacseq_15000.dot 11187378708 11.788890041 461921355.573327 16.945553165 520401528.592109 
1 eager 25705994498 0.052603751 3684460.63792508 0.019725988 3345014.07036199 
1 methylseq_4000.dot 8885797810 2.26452999 195031743.032696 3.71864735 195351513.355188 
1 methylseq_20000.dot 110641579976 47.451491691 9328380314.84531 83.707108546 9344698915.19112 
1 chipseq_2000.dot 41366257414 0.531082174 452528172.573205 0.41712974 489021422.411016 
1 chipseq_15000.dot 32978181418 7.67502725300001 4103796480.39649 17.217075063 4513684516.56964 
1 chipseq_8000.dot 5058052541 4.37727645100001 288565152.603918 6.760329423 383874855.750015 
1 methylseq_8000.dot 8885797810 7.63696912699999 395433678.268725 11.535672299 396089352.030206 
1 chipseq_8000.dot 41366257414 3.874476566 1850281827.3659 2.763794658 2016920649.16145 
1 methylseq_8000.dot 6273818718 6.88911745099999 162662388.307131 10.360714828 163213993.479037 
1 eager_15000.dot 19100037384 27.3934000709999 367635878.503918 75.674266569 614115827.037539 
1 chipseq_30000.dot 4807293396 27.834829276 1024565545.13165 66.162008659 1329518997.15245 
1 methylseq_30000.dot 6761426956 149.562433498999 1138762624.61045 292.666684487 1140682046.39322 
1 chipseq_1000.dot 32978181418 0.235879277 253214330.792917 0.203121008 282990804.069841 
1 chipseq_30000.dot 4605965334 23.172894314 1005820142.42174 59.927087792 1184206263.51627 
1 methylseq_10000.dot 6273818718 12.409737344 204722702.895916 18.092224293 205281040.725946 
1 methylseq_25000.dot 6761426956 160.450340874 949430880.620294 179.908060293 951043380.42627 
1 chipseq_10000.dot 4605965334 4.306575074 318195550.94696 7.061300464 393114102.887364 
1 methylseq 22500260922 0.002752863 225920.57075265 0.002007282 225903.567796081 
1 methylseq 110641579976 0.002717117 38015763.5320179 0.001958816 38015734.9160163 
1 eager_25000.dot 8330435694 126.384629582 534962123.856583 306.199599788 722525818.517421 
1 chipseq_20000.dot 41366257414 19.409044091 4620849558.76779 10.678568887 5178009704.81288 
1 chipseq_20000.dot 5058052541 14.680147956 732563970.194651 33.853759961 976329019.984569 
1 chipseq_8000.dot 32978181418 3.013257588 2179349242.11824 3.707456941 2387163853.1485 
1 atacseq_25000.dot 11187378708 23.39015947 760006545.631009 45.528155548 884919687.136796 
1 atacseq_25000.dot 3908761308 18.206139139 442959936.22294 34.840545589 561452272.29993 
1 chipseq_4000.dot 5058052541 1.607579101 142006705.13024 2.251257524 187744188.428311 
1 eager 8330435694 0.028384579 75262.7831290675 0.020332939 109559.745528283 
1 eager_15000.dot 14754556884 27.9022284429999 270892514.121811 73.313263124 483855897.751167 
1 chipseq_15000.dot 4807293396 8.85178121500003 500981324.609241 17.640191302 626824057.599882 
1 eager_4000.dot 25705994498 5.03787449300001 144284085.94959 4.992605644 210904411.223859 
1 eager_8000.dot 19100037384 11.406543708 198961354.327604 17.873552152 327289933.878848 
1 methylseq_4000.dot 110641579976 2.072556208 1888346804.21098 2.780895731 1890681175.12002 
1 chipseq 3793245764 0.005505341 28482.0629183208 0.003887018 28083.9555 
1 atacseq_200.dot 14091675276 0.045112741 5464585.12547615 0.037372066 4773147.65157143 
1 chipseq_25000.dot 32978181418 18.642002296 6858171813.28659 63.641345051 7637017828.55497 
1 eager_10000.dot 19100037384 15.850206798 247860640.344144 28.092846347 401248536.397872 
1 methylseq_30000.dot 11897958606 140.168353011 2016969145.99913 271.797814618 2020171142.39165 
1 atacseq_25000.dot 11809629756 24.0496677269999 796724263.432328 43.489330352 924051064.635757 
1 eager_30000.dot 19075314980 92.138526843 756648719.989219 366.591213043 1238685873.78788 
1 methylseq_25000.dot 11897958606 95.231298114 1682427003.68455 183.784892012 1685096627.79233 
1 eager_15000.dot 19132169434 28.5047495150001 373198132.736448 78.150717996 624026340.512251 
1 methylseq_30000.dot 22500260922 275.093718807001 754173795.070164 212.095569146 758350081.686982 
1 atacseq_2000.dot 11187378708 0.776750441999999 56323678.7541901 0.782165964 64794971.8573845 
1 methylseq_10000.dot 11897958606 12.025271692 671531909.23338 19.445830708 672589047.141735 
1 chipseq_25000.dot 4605965334 15.874381384 844775694.172481 40.576634366 984411879.02146 
1 methylseq_30000.dot 6273818718 173.961241118 621273713.130014 235.09682545 623438223.736234 
1 eager_30000.dot 8330435694 185.164597155 653379579.884537 483.869063287 860003000.270989 
1 chipseq_200.dot 4605965334 0.048390791 53078.1372916666 0.033607774 2308912.58205598 
1 methylseq_15000.dot 6273818718 41.7457762599999 308860463.680294 46.961740392 309823692.290778 
1 methylseq_2000.dot 11897958606 0.768805535000001 133357405.84729 1.05279696 133557999.711707 
1 atacseq_200.dot 3908761308 0.055844469 518545.916979286 0.040381014 441684.062592299 
1 eager_8000.dot 8330435694 19.6339906139999 162885806.025231 25.623659103 231678660.509346 
1 atacseq_200.dot 2223941232 0.062106701 449727.666222898 0.04324484 808697.933971545 
1 chipseq_2000.dot 4807293396 0.691519894 60707467.9549275 0.719045813 88558266.088117 
1 eager_20000.dot 19100037384 45.0657465199998 499272995.442827 153.731352606 825086082.931751 
1 eager_10000.dot 19075314980 16.129242928 246303018.444168 29.412694678 405091052.400154 
1 methylseq_25000.dot 6273818718 105.521149922 517135959.803555 139.070240759 520170885.043523 
1 eager_10000.dot 8330435694 24.340127965 209556195.0622 39.230128144 294250635.6173 
1 methylseq_200.dot 8885797810 0.045105248 5454115.85145463 0.040977841 5454117.09502474 
1 chipseq 32978181418 0.003650891 17470997.4758665 0.003346353 13203649.4494775 
1 methylseq_2000.dot 6761426956 0.925810502999999 72743065.1017328 1.052312706 72858601.0280053 
1 atacseq_20000.dot 3908761308 13.607723465 361676594.506428 29.516081448 444865760.805543 
1 atacseq_1000.dot 11187378708 0.290472871 24534448.3465666 0.308328201 30817637.4980075 
1 eager 19100037384 0.022205207 5773579.61685923 0.019881736 3444263.26087669 
1 chipseq_10000.dot 32978181418 4.377057086 2728222045.31598 7.916932394 2993007593.79478 
1 methylseq_2000.dot 110641579976 0.745210513 956294054.50126 0.868458687 957143374.284302 
1 chipseq_8000.dot 3793245764 3.02923639699999 210317231.925984 4.914780975 267779432.426847 
1 eager_25000.dot 19132169434 66.3988253499998 632412565.613638 245.407696147 1036660369.44329 
1 eager_4000.dot 19132169434 4.962631452 99912035.5873546 5.071548197 157756953.842537 
1 chipseq_1000.dot 4807293396 0.288028137 26234253.9295266 0.28312365 35965108.2452485 
1 eager_15000.dot 19075314980 28.4862287840001 376539801.739409 75.873155741 616187104.693707 
1 methylseq_200.dot 6761426956 0.044020571 4144868.18514626 0.041008409 4144867.1858325 
1 methylseq 17027257018 0.002793826 21799.6016884726 0.00197724 21781.1225 
1 eager_1000.dot 8330435694 0.726561054999999 15896931.4587953 0.627200595 14880900.101231 
1 chipseq_4000.dot 3793245764 1.439117533 104206190.832646 1.843648742 127996832.913539 
1 methylseq_200.dot 11897958606 0.043876277 12146929.974137 0.041219456 12154627.3236169 
1 atacseq_1000.dot 3908761308 0.322221445 10504603.0691286 0.336634691 16162352.1974556 
1 chipseq_1000.dot 3793245764 0.344065063 23225950.1653144 0.286052468 28726331.7144139 
1 atacseq_2000.dot 11809629756 0.798687502 58582857.1710074 0.786440108 70295860.5104871 
1 eager_4000.dot 8330435694 5.32698258799999 74170614.141775 6.559096621 110579568.250152 
1 methylseq_200.dot 22500260922 0.044842482 3988683.70443626 0.040791759 4175147.62645193 
1 eager_4000.dot 14754556884 4.48943144199999 69151210.3096331 5.450131789 124926121.708392 
1 methylseq 6761426956 0.002724639 10835.5515944213 0.001967584 10821.11475 
1 eager_200.dot 19100037384 0.090840816 3833303.61300646 0.066704649 3532909.17290262 
1 methylseq_20000.dot 8885797810 91.5530540650001 998455237.907433 114.872592094 1000114480.44216 
1 atacseq_25000.dot 2223941232 23.5965640939999 319807920.159158 47.011589289 327118292.179384 
1 eager_20000.dot 25705994498 87.750587586 719879303.374583 136.850830832 1044969436.84434 
1 eager_25000.dot 19075314980 58.3845299760001 621708007.128594 257.828587348 1032382373.59772 
1 chipseq_15000.dot 5058052541 8.67833118300001 546542423.307338 19.623003556 728738415.695942 
1 chipseq_1000.dot 5058052541 0.301229418 29194622.663327 0.284356663 42960876.2646294 
1 atacseq_15000.dot 11809629756 12.170072364 498607333.997229 17.463119253 552974379.319082 
1 methylseq_2000.dot 8885797810 0.934847564000001 95726945.1292717 1.062691207 95877789.0441116 
1 chipseq 41366257414 0.004259753 18868787.0026755 0.003116007 13432738.5810836 
1 methylseq_15000.dot 8885797810 42.1813771690002 747500529.564683 56.240659927 748757408.681639 
1 methylseq_30000.dot 17027257018 147.772122209 2885761496.91501 240.325554565 2888895645.40784 
1 eager_2000.dot 19075314980 2.11406058 50104688.2667508 1.666124615 77299772.2253337 
1 eager_2000.dot 19132169434 2.248021444 49688722.6135246 1.72857262 77990096.7156214 
1 chipseq_20000.dot 4605965334 10.656310801 646431949.093944 25.756540602 787022721.914167 
1 atacseq_200.dot 11187378708 0.054210805 238384.995955347 0.037217391 225759.424282209 
1 chipseq_15000.dot 3793245764 7.13054201899999 394655180.225415 14.842686361 507446204.066332 
1 atacseq_8000.dot 14091675276 2.570775068 460518670.377839 3.598022948 468905492.823895 
1 eager_10000.dot 19132169434 17.163647276 250261412.608669 31.407684625 407897131.021618 
1 methylseq_8000.dot 11897958606 7.83894633199999 535777402.316164 12.664817314 536618332.97951 
1 eager_15000.dot 25705994498 48.4206633980001 540676060.617071 69.729856564 788090852.794031 
1 eager_1000.dot 19075314980 0.766209556000001 25278294.0935797 0.581301204 29050502.1665778 
1 eager_30000.dot 25705994498 133.549139554 1082848095.55432 314.68374804 1615246712.90282 
1 eager_10000.dot 25705994498 19.562014667 356476995.973468 26.668281324 531332471.770702 
1 chipseq_20000.dot 3793245764 9.914904874 539540970.017738 24.173476294 679087228.08304 
1 atacseq 11187378708 0.009405943 242009.317414138 0.006546653 225172.199724576 
1 chipseq 5058052541 0.005295556 25824.0253947096 0.003674711 25449.829 
1 chipseq_30000.dot 41366257414 45.492514554 6954389807.79651 21.938396694 7828339875.35578 
1 eager_8000.dot 14754556884 12.597170808 142224696.67953 20.911980729 253476963.093654 
1 chipseq_30000.dot 32978181418 24.4428923899998 8229217552.89924 52.691650719 9213928667.155 
1 methylseq_25000.dot 110641579976 142.595636998999 11657044892.1902 129.478517027 11677076315.543 
1 eager_10000.dot 14754556884 13.9150781540001 175742566.735721 29.141617995 313737078.517171 
1 eager_30000.dot 14754556884 95.335551106 542868046.49108 445.355528958 979107545.790061 
1 methylseq_8000.dot 6761426956 7.73422449999999 300489811.891319 12.04155673 300998602.455653 
1 atacseq_10000.dot 11809629756 6.61030497799998 323895337.400047 8.554647318 364932623.762082 
1 eager_20000.dot 19132169434 40.0383190839996 497874539.305108 147.136220465 828599159.352127 
1 eager_200.dot 19075314980 0.090892534 3815614.45032268 0.068536675 3721528.31464834 
1 eager_20000.dot 14754556884 40.6858602360002 349876904.834417 149.749076927 647890344.718136 
1 chipseq 4807293396 0.005250839 21170.3715997822 0.003709519 20791.0451041667 
1 eager_15000.dot 8330435694 62.4089605639998 319889666.749522 104.912886259 436756188.263071 
1 methylseq_10000.dot 6761426956 14.596769387 377319061.969831 18.852170172 377947668.629957 
1 methylseq_1000.dot 22500260922 0.308140703 23487950.5701917 0.349491921 24104051.0753531 
1 methylseq_8000.dot 22500260922 10.284566975 199650082.112496 10.191997596 200696901.168168 
1 methylseq_25000.dot 8885797810 155.244418128999 1249417460.34944 182.019987419 1251510412.92161 
1 atacseq_1000.dot 2223941232 0.385381835 1393818.46976573 0.344616592 9182754.42010398 
1 atacseq_4000.dot 3908761308 1.917213217 67711029.9486592 1.965100999 84986062.3824064 
1 chipseq_10000.dot 3793245764 4.29055448500001 260675415.013597 7.342080433 335815528.170341 
1 eager_1000.dot 19132169434 0.769577256 23057697.4521705 0.590762852 29344246.1267647 
1 methylseq_20000.dot 17027257018 56.9728615659995 1924733119.35571 89.824768726 1927088656.64707 
1 eager_8000.dot 25705994498 15.789075121 294239601.278468 15.55845557 416190225.592595 
1 methylseq_2000.dot 17027257018 0.759096606000001 190767212.459831 1.047401982 190989094.604646 
1 methylseq_4000.dot 6761426956 2.293113264 148204661.134942 3.68888322 148449952.310893 
1 chipseq_8000.dot 4807293396 3.73325037799999 266340981.097793 5.767415437 329240803.304591 
1 methylseq_20000.dot 6273818718 68.8015037990002 412998202.529064 91.216248125 414356923.075532 
1 eager_4000.dot 19100037384 5.077575506 99217263.4238976 5.181137568 159812962.620281 
1 methylseq_20000.dot 22500260922 53.0339044060002 500826803.749272 78.556915463 504659487.357936 
1 eager_2000.dot 14754556884 2.037102014 34931539.2568919 1.850571691 54695903.1451186 
1 atacseq_20000.dot 11187378708 14.768318411 670116786.977122 29.368248545 693943411.413791 
1 methylseq_4000.dot 22500260922 2.238337931 98097370.3363989 3.062127326 99238112.5555185 
1 atacseq_15000.dot 2223941232 15.331754706 187203514.443572 18.234194639 195933952.567457 
1 atacseq_8000.dot 2223941232 5.18735661700001 91946000.1304663 6.611259143 103362920.848637 
1 chipseq_200.dot 41366257414 0.032308784 43554640.6467961 0.028509757 51998708.8736196 
1 eager_200.dot 19132169434 0.089915535 3854855.04425408 0.069101469 3761029.19556248 
1 chipseq_25000.dot 4807293396 20.4902370990001 854578849.323808 45.311071604 1068185392.5855 
1 atacseq_4000.dot 2223941232 2.504995962 39888803.3460733 2.257720586 48836422.2986589 
1 chipseq_10000.dot 41366257414 5.66721820700002 2295352790.73089 3.587713014 2535389035.09643 
1 chipseq_4000.dot 4605965334 1.406031934 123735081.460636 1.817619344 153868210.423578 
1 atacseq_10000.dot 2223941232 6.08902980800001 119313116.57628 8.798452824 129849236.018039 
1 chipseq_25000.dot 3793245764 15.852686932 691913744.043382 37.736883987 847750723.874179 
1 methylseq_25000.dot 17027257018 88.0346734799998 2406776311.4755 143.723734138 2409728148.73099 
1 eager_30000.dot 19132169434 83.6299903749995 748822930.3307 358.473688642 1250222020.89547 
1 eager_2000.dot 8330435694 1.795485755 34783287.7660143 1.936439759 47916029.6659606 
1 chipseq_30000.dot 5058052541 24.107041637 1110614259.81093 71.190289236 1473355814.70171 
1 methylseq_4000.dot 11897958606 2.245964842 266689874.390685 3.677932881 267106502.176789 
1 chipseq_4000.dot 4807293396 1.592485204 130326489.728557 1.970008811 169703110.144771 
1 eager_200.dot 14754556884 0.093751381 1816487.66454728 0.066443366 940984.17772546 
1 chipseq 4605965334 0.005491024 26921.7134022807 0.003846679 26539.0686458333 
1 methylseq_15000.dot 22500260922 109.984255473 376831166.729559 38.371453981 379271692.077313 
1 chipseq_20000.dot 32978181418 12.768466001 5481672719.58275 33.90664217 6058147833.79307 
1 methylseq_2000.dot 6273818718 0.785324165999999 38217754.9867287 0.917157384 38268176.2609473 
1 atacseq 2223941232 0.009896787 37532.3073074335 0.007062734 19154.6624385758 
1 methylseq_1000.dot 17027257018 0.294602951 93665127.0461629 0.330658674 93767508.7677016 
1 eager_25000.dot 19100037384 65.4640090890002 630802298.974514 256.782417308 1049581980.47365 
1 chipseq_8000.dot 4605965334 3.362432908 254539574.148709 4.933944025 313788938.114746 
1 atacseq_2000.dot 2223941232 0.923897258 16557801.8773444 0.926253317 24508506.4938018 
1 methylseq_200.dot 6273818718 0.045780217 29577.7256059139 0.040537874 29578.328375 
1 atacseq_8000.dot 11187378708 5.46674385 265632117.196729 5.597928793 276473104.376468 
1 methylseq 8885797810 0.002716948 14055.5640314055 0.001985074 14042.3765 
1 methylseq_10000.dot 22500260922 18.075849082 248214347.970191 16.591000741 250631340.017004 
1 methylseq_1000.dot 6761426956 0.340057952999999 34328077.3868989 0.332306185 34378921.1904857 
1 chipseq_2000.dot 3793245764 0.685047007 51506152.7141329 0.76758003 59889614.4483868 
1 methylseq_25000.dot 22500260922 157.597618532 628335304.745711 130.692165655 632304820.090587 
1 chipseq_30000.dot 3793245764 17.9620266379999 802214688.208614 57.523821034 1019002822.49456 
1 methylseq_1000.dot 8885797810 0.310368465 45174164.8828156 0.345266672 45240543.8699771 
1 eager 19132169434 0.022081332 5899137.82115446 0.019857394 3782950.10396179 
1 methylseq_10000.dot 17027257018 11.790621096 960648080.494101 17.732596177 961817308.210546 
1 eager_200.dot 8330435694 0.119144713 1289957.70812196 0.069643522 128329.822550453 
1 atacseq 11809629756 0.009463411 396529.858321263 0.006597609 378809.677533004 
1 chipseq_10000.dot 4807293396 4.870870619 332357229.243479 8.44262153 424755546.061641 
